title;category;price;brand;specification;query;original_price;original_price_checked;capacity;shelf_life;order;Discount;Promo;item_code;capacity_unit;pieces_per_package;package_unit;price_per_piece;original_price_per_piece;estimation_discount;capacity_category;shelf_life_unit;log_price_per_piece;log_original_price_per_piece;shelf_life_normalized;log_price_per_piece_normalized;log_original_price_per_piece_normalized;estimation_discount_normalized;is_new_product
白蘭超濃縮洗衣粉-強效潔淨-1.9kg;日用生活;109;白蘭;規格：1.9kg公斤x1x1bag袋;白蘭強效潔淨超濃縮洗衣粉;124;1;1900,0;33,3;1597;12.10%;1;11101002001,0;g;1;bag;109,0;124,0;12,096774193548388;weight;月;4,700480365792417;4,8283137373023015;0,0027639134122096;0,4209873010092624;0,518099190829759;0,1831384140855931;1
香滿室薰衣草地板清潔劑補充包;日用生活;85;毛寶;規格：1800g克x1x1bottle瓶;香滿室薰衣草地板清潔劑補充包;95;1;1800,0;33,3;751;10.53%;0;11010016001,0;g;1;bottle;85,0;95,0;10,526315789473683;weight;月;4,454347296253507;4,564348191467836;0,0027639134122096;0,3952271353208731;0,4897745327514743;0,1593625498007967;0
白帥帥防蟑地板清潔劑-2000g;日用生活;169;白帥帥;規格：2000g克x1x1bottle瓶;白帥帥防蟑地板清潔劑;0;1;2000,0;33,3;752;0.00%;1;11010018001,0;g;1;bottle;169,0;0,0;0,0;weight;月;5,135798437050262;0,0;0,0027639134122096;0,4665474756894042;0,0;0,0;0
毛寶香滿室檀木馨香地板清潔劑;日用生活;109;毛寶;規格：2000g克x1x1bottle瓶;毛寶香滿室檀木馨香地板清潔劑;0;1;2000,0;33,3;764;0.00%;0;11010035001,0;g;1;bottle;109,0;0,0;0,0;weight;月;4,700480365792417;0,0;0,0027639134122096;0,4209873010092624;0,0;0,0;0
家樂福超值地板清潔劑;日用生活;99;家樂福;規格：4000g克x1x1bottle瓶;家福超值地板清潔劑;0;1;4000,0;33,3;768;0.00%;1;11010042001,0;g;1;bottle;99,0;0,0;0,0;weight;月;4,605170185988092;0,0;0,0027639134122096;0,411012184588909;0,0;0,0;0
毛寶香滿室檀木地板清潔補充包;日用生活;85;毛寶;規格：1800g克x1x1bag袋;毛寶香滿室檀木地板清潔補充包;95;1;1800,0;33,3;769;10.53%;1;11010043001,0;g;1;bag;85,0;95,0;10,526315789473683;weight;月;4,454347296253507;4,564348191467836;0,0027639134122096;0,3952271353208731;0,4897745327514743;0,1593625498007967;0
毛寶香滿室海洋微風清潔補充包;日用生活;85;毛寶;規格：1800g克x1x1bag袋;毛寶香滿室海洋微風清潔補充包;95;1;1800,0;33,3;770;10.53%;1;11010045001,0;g;1;bag;85,0;95,0;10,526315789473683;weight;月;4,454347296253507;4,564348191467836;0,0027639134122096;0,3952271353208731;0,4897745327514743;0,1593625498007967;0
妙管家公道先生地板清潔劑(檸檬清香)2000g;日用生活;85;妙管家;規格：2000g克x1x1bottle瓶;公道先生地板清潔劑;95;1;2000,0;33,3;772;10.53%;1;11010051001,0;g;1;bottle;85,0;95,0;10,526315789473683;weight;月;4,454347296253507;4,564348191467836;0,0027639134122096;0,3952271353208731;0,4897745327514743;0,1593625498007967;0
妙管家木質地板清潔劑1000g;日用生活;89;妙管家;規格：1000g克x1x1bottle瓶;妙管家木質地板清潔劑;99;1;1000,0;36,0;783;10.10%;1;11010116001,0;g;1;bottle;89,0;99,0;10,1010101010101;weight;月;4,499809670330265;4,605170185988092;0,0029891417687377;0,3999852049740031;0,4941549113846197;0,1529236588997545;0
威猛先生玻璃清潔劑噴槍瓶;日用生活;66;威猛先生;規格：500g克x1x1bottle瓶;威猛先生玻璃清潔劑;72;1;500,0;33,3;789;8.33%;1;11020005001,0;g;1;bottle;66,0;72,0;8,333333333333332;weight;月;4,204692619390966;4,290459441148391;0,0027639134122096;0,3690983999465161;0,4603850714118799;0,1261620185922974;0
新威猛先生玻璃重裝;日用生活;69;威猛先生;規格：500g克x1x2set組;新威猛先生玻璃重裝;104;1;500,0;33,3;791;33.65%;1;11020010001,0;g;2;set;34,5;52,0;33,65384615384615;weight;月;3,56953269648137;3,970291913552122;0,0027639134122096;0,3026228756156043;0,426029694772608;0,5095004596996628;0
妙管家玻璃亮光清潔劑-噴槍瓶650g;日用生活;55;妙管家;規格：650g克x1x1bottle瓶;妙管家玻璃亮光清潔劑;65;1;650,0;33,3;793;15.38%;1;11020013001,0;g;1;bottle;55,0;65,0;15,384615384615383;weight;月;4,02535169073515;4,189654742026425;0,0027639134122096;0,350328666787384;0,4495682861140571;0,232914495862703;0
威猛先生廚房超強效超值組(噴+補);日用生活;85;威猛先生;規格：500g克x2x1set組;威猛先生廚房超強效;135;1;500,0;36,0;798;37.04%;1;11021006001,0;g;2;set;42,5;67,5;37,03703703703704;weight;月;3,7727609380946383;4,22683374526818;0,0029891417687377;0,3238926431698997;0,4535577558427107;0,5607200826324332;0
威猛先生廚房超強效超值組(噴+補);日用生活;85;威猛先生;規格：500g克x2x1set組;威猛先生廚房清潔劑;135;1;500,0;36,0;800;37.04%;1;11021009001,0;g;2;set;42,5;67,5;37,03703703703704;weight;月;3,7727609380946383;4,22683374526818;0,0029891417687377;0,3238926431698997;0,4535577558427107;0,5607200826324332;0
白博士廚房清潔劑噴槍型;日用生活;69;白博士;規格：600g克x1x1bottle瓶;白博士廚房清潔劑噴槍型;75;1;600,0;33,3;809;8.00%;0;11021023001,0;g;1;bottle;69,0;75,0;8,0;weight;月;4,248495242049359;4,330733340286331;0,0027639134122096;0,3736827608346326;0,4647066370122513;0,1211155378486055;0
毛寶小蘇打廚房清潔劑噴槍瓶;日用生活;75;毛寶;規格：500g克x1x1bottle瓶;毛寶小蘇打廚房清潔劑噴槍瓶;0;1;500,0;33,3;814;0.00%;1;11021028001,0;g;1;bottle;75,0;0,0;0,0;weight;月;4,330733340286331;0,0;0,0027639134122096;0,3822897596440613;0,0;0,0;0
毛寶超強效萬用去污劑白柚清香;日用生活;199;毛寶;規格：2000g克x1x1bottle瓶;毛寶超強效萬用去汙劑 毛寶萬用去汙劑;0;1;2000,0;33,3;819;0.00%;0;11021039001,0;g;1;bottle;199,0;0,0;0,0;weight;月;5,298317366548036;0,0;0,0027639134122096;0,4835566267116747;0,0;0,0;0
新威猛先生廚房檸檬噴槍;日用生活;66;威猛先生;規格：500g克x1x1bottle瓶;新威猛先生廚房檸檬噴槍;81;1;500,0;33,3;838;18.52%;1;11021064001,0;g;1;bottle;66,0;81,0;18,51851851851852;weight;月;4,204692619390966;4,406719247264253;0,0027639134122096;0,3690983999465161;0,4728602573156666;0,2803600413162166;0
新威猛先生廚房檸檬重裝;日用生活;69;威猛先生;規格：500g克x1x2bottle瓶;新威猛先生廚房檸檬重裝;104;1;500,0;33,3;839;33.65%;0;11021065001,0;g;2;bottle;34,5;52,0;33,65384615384615;weight;月;3,56953269648137;3,970291913552122;0,0027639134122096;0,3026228756156043;0,426029694772608;0,5095004596996628;0
威猛先生浴室全效噴槍+重裝500gx2;日用生活;95;威猛先生;規格：500g克x2x1set組;威猛先生浴室清潔劑;129;1;500,0;33,3;857;26.36%;1;11022010001,0;g;2;set;47,5;64,5;26,356589147286822;weight;月;3,881563797943437;4,182050142641207;0,0027639134122096;0,3352798968303941;0,448752279325263;0,3990240588035455;0
新威猛先生浴室噴槍;日用生活;66;威猛先生;規格：500g克x1x1bottle瓶;新威猛先生浴室噴槍;72;1;500,0;33,3;858;8.33%;1;11022011001,0;g;1;bottle;66,0;72,0;8,333333333333332;weight;月;4,204692619390966;4,290459441148391;0,0027639134122096;0,3690983999465161;0,4603850714118799;0,1261620185922974;0
威猛先生浴室全效噴槍+重裝500gx2;日用生活;95;威猛先生;規格：500g克x2x1set組;威猛先生浴室全效噴槍+重裝;129;1;500,0;33,3;859;26.36%;1;11022012001,0;g;2;set;47,5;64,5;26,356589147286822;weight;月;3,881563797943437;4,182050142641207;0,0027639134122096;0,3352798968303941;0,448752279325263;0,3990240588035455;0
威猛先生強力去霉劑噴槍+重裝400g+400g;日用生活;129;威猛先生;規格：800g克x1x1pc瓶;威猛先生強力去霉劑重裝;169;1;800,0;24,0;870;23.67%;1;11022031001,0;g;1;pc;129,0;169,0;23,66863905325444;weight;月;4,867534450455582;5,135798437050262;0,0019881268508348;0,4384710991348332;0,5510936445458008;0,3583299936349277;0
潔霜-S浴廁專用清潔劑1050g;日用生活;69;潔霜;規格：1050g克x1x1bottle瓶;潔霜-S浴廁專用清潔劑1050g;0;1;1050,0;33,3;873;0.00%;0;11022035001,0;g;1;bottle;69,0;0,0;0,0;weight;月;4,248495242049359;0,0;0,0027639134122096;0,3736827608346326;0,0;0,0;0
潔霜-S浴廁清潔劑-清新薄荷;日用生活;69;潔霜;規格：1050g克x1x1bottle瓶;潔霜-S浴廁清潔劑-清新薄荷;0;1;1050,0;33,3;874;0.00%;1;11022036001,0;g;1;bottle;69,0;0,0;0,0;weight;月;4,248495242049359;0,0;0,0027639134122096;0,3736827608346326;0,0;0,0;0
白博士浴廁清潔劑噴槍型600g;日用生活;69;白博士;規格：600g克x1x1bottle瓶;白博士浴廁清潔劑噴槍型;75;1;600,0;33,3;876;8.00%;1;11022044001,0;g;1;bottle;69,0;75,0;8,0;weight;月;4,248495242049359;4,330733340286331;0,0027639134122096;0,3736827608346326;0,4647066370122513;0,1211155378486055;0
威猛先生去霉劑噴槍重裝特惠組;日用生活;99;威猛先生;規格：500g克x2x1set組;威猛先生去霉劑噴槍重裝特惠組;129;1;500,0;24,0;877;23.26%;1;11022051001,0;g;2;set;49,5;64,5;23,25581395348837;weight;月;3,9219733362813134;4,182050142641207;0,0019881268508348;0,3395091391866735;0,448752279325263;0,3520800518854813;0
妙管家中性浴廁清潔劑-玫瑰花香-750g;日用生活;39;妙管家;規格：750g克x1x1bottle瓶;妙管家中性浴廁清潔劑玫瑰花香;49;1;750,0;36,0;879;20.41%;1;11022058001,0;g;1;bottle;39,0;49,0;20,40816326530612;weight;月;3,688879454113936;3,912023005428146;0,0029891417687377;0,3151136484188945;0,4197771859688961;0,3089682087974632;0
妙管家馬桶芳香清潔劑-香水百合750g;日用生活;39;妙管家;規格：750g克x1x1bottle瓶;妙管家中性浴廁清潔劑香水百合;49;1;750,0;33,3;880;20.41%;1;11022059001,0;g;1;bottle;39,0;49,0;20,40816326530612;weight;月;3,688879454113936;3,912023005428146;0,0027639134122096;0,3151136484188945;0,4197771859688961;0,3089682087974632;0
妙管家霉菌殺手;日用生活;69;妙管家;規格：750g克x1x1bottle瓶;妙管家去霉劑;99;1;750,0;24,0;882;30.30%;1;11022063001,0;g;1;bottle;69,0;99,0;30,303030303030305;weight;月;4,248495242049359;4,605170185988092;0,0019881268508348;0,3736827608346326;0,4941549113846197;0,4587709766992635;0
新威猛先生浴室重裝;日用生活;89;威猛先生;規格：500g克x1x2bottle瓶;新威猛先生浴室重裝;105;1;500,0;33,3;883;15.24%;1;11022067001,0;g;2;bottle;44,5;52,5;15,23809523809524;weight;月;3,817712325956905;3,979681653901961;0,0027639134122096;0,3285972332577911;0,4270372549979862;0,2306962625687725;0
潔霜S浴廁清潔劑-亮潔檸檬-1050g;日用生活;69;潔霜;規格：1050g克x1x1bottle瓶;潔霜S浴廁清潔劑-亮潔檸檬 潔霜浴廁檸檬;0;1;1050,0;36,0;890;0.00%;0;11022085001,0;g;1;bottle;69,0;0,0;0,0;weight;月;4,248495242049359;0,0;0,0029891417687377;0,3736827608346326;0,0;0,0;0
潔霜S濃縮超強效浴廁清潔劑-淨白青蘋1050g;日用生活;55;潔霜;規格：1050g克x1x1bottle瓶;潔霜S濃縮超強效浴廁清潔劑-淨白青蘋;0;1;1050,0;36,0;891;0.00%;0;11022087001,0;g;1;bottle;55,0;0,0;0,0;weight;月;4,02535169073515;0,0;0,0029891417687377;0,350328666787384;0,0;0,0;0
去味大師備長炭消臭易冰箱專用150g;日用生活;52;去味大師;規格：150g克x1x1bottle瓶;家福冰箱消臭劑-備長炭;59;1;150,0;33,3;901;11.86%;0;11030010001,0;g;1;bottle;52,0;59,0;11,864406779661016;weight;月;3,970291913552122;4,0943445622221;0,0027639134122096;0,3445661376576834;0,43934108678089;0,1796205010466608;0
去味大師消臭易備長炭鞋櫃專用60g*2;日用生活;52;去味大師;規格：60g克x2x1set組;去味大師消臭易備長炭鞋櫃專用;59;1;60,0;33,3;934;11.86%;0;11030062001,0;g;2;set;26,0;29,5;11,864406779661016;weight;月;3,295836866004329;3,417726683613366;0,0027639134122096;0,2739780049587772;0,3667370277903081;0,1796205010466608;0
妙管家冰箱消臭炭-冷藏庫專用300g;日用生活;59;妙管家;規格：300g克x1x1box盒;妙管家冰箱消臭炭-冷藏庫專用;65;1;300,0;33,3;942;9.23%;1;11030095001,0;g;1;box;59,0;65,0;9,230769230769232;weight;月;4,0943445622221;4,189654742026425;0,0027639134122096;0,3575494266964488;0,4495682861140571;0,1397486975176218;0
妙管家馬桶自動清潔劑-薰衣草65gx5;日用生活;79;妙管家;規格：65g克x5x1set組;家福薰衣草消臭液;95;1;65,0;33,3;943;16.84%;1;11030096001,0;g;5;set;15,8;19,0;16,84210526315789;weight;月;2,8213788864092133;2,995732273553991;0,0027639134122096;0,2243214667721581;0,3214551811080333;0,2549800796812748;0
花仙子好心情香氛蛋－蜜桃香氛;日用生活;49;花仙子;規格：120g克x1x1pc個;花仙子好心情香氛蛋－蜜桃香氛 香氛蛋-桃;0;1;120,0;33,3;945;0.00%;1;11030108001,0;g;1;pc;49,0;0,0;0,0;weight;月;3,912023005428146;0,0;0,0027639134122096;0,3384677424661431;0,0;0,0;0
妙管家消臭晶球(室內消臭專用)1kg;日用生活;119;妙管家;規格：1kg公斤x1x1bottle瓶;妙管家消臭晶球(無香1kg) 妙管家消臭晶球;129;1;1000,0;33,3;946;7.75%;0;11030113001,0;g;1;bottle;119,0;129,0;7,751937984496124;weight;月;4,787491742782046;4,867534450455582;0,0027639134122096;0,4300938688192147;0,5223077449656454;0,1173600172951604;0
滿庭香除臭清香凝膠清新早晨;日用生活;75;滿庭香;規格：180g克x1x1bottle瓶;滿庭香除臭清香凝膠清新早晨;0;1;180,0;24,0;949;0.00%;1;11030128001,0;g;1;bottle;75,0;0,0;0,0;weight;月;4,330733340286331;0,0;0,0019881268508348;0,3822897596440613;0,0;0,0;0
【安心價】花仙子 花語香膏-檸檬-200g;日用生活;59;花仙子;規格：200g克x1x1can罐;花仙子花語香膏 檸檬;69;1;200,0;36,0;954;14.49%;1;11030183002,0;g;1;can;59,0;69,0;14,492753623188406;weight;月;4,0943445622221;4,248495242049359;0,0029891417687377;0,3575494266964488;0,4558821292295903;0,2194122062474738;0
妙管家防霉除濕桶-320g;日用生活;119;妙管家;規格：320g克x1x2bucket桶;妙管家防霉除濕桶;0;1;320,0;60,0;1027;0.00%;0;11032004001,0;g;2;bucket;59,5;0,0;0,0;weight;月;4,102643365036796;0,0;0,0049911716045434;0,3584179753068501;0,0;0,0;0
克潮靈集水袋補充包--去霉味-180gx3;日用生活;55;克潮靈;規格：180g克x3x1bag袋;花仙子克潮靈集水袋替換包;62;1;180,0;60,0;1029;11.29%;0;11032006001,0;g;3;bag;18,33333333333333;20,666666666666668;11,290322580645173;weight;月;2,961830721878309;3,075774981227528;0,0049911716045434;0,2390210866147911;0,3300441138770652;0,170929186479887;0
克潮靈備長炭消臭除濕量販包;日用生活;69;克潮靈;規格：35g克x4x1box盒;克潮靈備長炭消臭除濕量販包;75;1;35,0;33,3;1036;8.00%;1;11032015001,0;g;4;box;17,25;18,75;8,0;weight;月;2,9041650800285006;2,9831534913471307;0,0027639134122096;0,2329858289740312;0,3201054227373937;0,1211155378486055;0
【安心價】克潮靈櫥櫃用除濕劑-活性碳210gx4;日用生活;98;克潮靈;規格：210g克x4x1set組;克潮靈櫥櫃用除濕劑-備長炭;102;1;210,0;33,3;1038;3.92%;1;11032017001,0;g;4;set;24,5;25,5;3,92156862745098;weight;月;3,2386784521643803;3,277144732992177;0,0027639134122096;0,2679958335514124;0,3516519693568844;0,0593703616904929;0
克潮靈重複使用型除濕桶;日用生活;55;克潮靈;規格：350g克x1x1bucket桶;克潮靈重複使用型除濕桶;59;1;350,0;33,3;1041;6.78%;0;11032021001,0;g;1;bucket;55,0;59,0;6,779661016949152;weight;月;4,02535169073515;4,0943445622221;0,0027639134122096;0,350328666787384;0,43934108678089;0,1026402863123776;0
家樂福吊掛式集水袋-活性碳;日用生活;69;家樂福;規格：250g克x2x1bag袋;家樂福吊掛式集水袋-活性碳 活性碳;0;1;250,0;60,0;1043;0.00%;1;11032026001,0;g;2;bag;34,5;0,0;0,0;weight;月;3,56953269648137;0,0;0,0049911716045434;0,3026228756156043;0,0;0,0;0
克潮靈集水袋補充包-檜木香-180gx3;日用生活;55;克潮靈;規格：180g克x3x1bag袋;克潮靈集水袋補充包 -檜木香;59;1;180,0;60,0;1044;6.78%;1;11032027001,0;g;3;bag;18,33333333333333;19,666666666666668;6,779661016949164;weight;月;2,961830721878309;3,028522096376982;0,0049911716045434;0,2390210866147911;0,3249736725724125;0,1026402863123777;0
克潮靈櫥櫃專用除濕劑-玫瑰;日用生活;98;克潮靈;規格：210g克x4x1box盒;克潮靈櫥櫃專用除濕劑-玫瑰;102;1;210,0;33,3;1045;3.92%;1;11032028001,0;g;4;box;24,5;25,5;3,92156862745098;weight;月;3,2386784521643803;3,277144732992177;0,0027639134122096;0,2679958335514124;0,3516519693568844;0,0593703616904929;0
克潮靈集水袋補充包--去霉味-180gx3;日用生活;55;克潮靈;規格：180g克x3x1bag袋;克潮靈集水袋除濕盒;62;1;180,0;60,0;1046;11.29%;0;11032031001,0;g;3;bag;18,33333333333333;20,666666666666668;11,290322580645173;weight;月;2,961830721878309;3,075774981227528;0,0049911716045434;0,2390210866147911;0,3300441138770652;0,170929186479887;0
家樂福活性碳集水袋除濕盒補充包;日用生活;48;家樂福;規格：200g克x3x1pack包;家樂福備長炭集水袋除濕盒;0;1;200,0;33,3;1048;0.00%;0;11032035001,0;g;3;pack;16,0;0,0;0,0;weight;月;2,833213344056216;0,0;0,0027639134122096;0,2255600552738581;0,0;0,0;0
家樂福白玫瑰集水袋除濕盒補充包;日用生活;48;家樂福;規格：200g克x3x1pack包;家樂福白玫瑰集水袋除濕盒補充包;0;1;200,0;33,3;1049;0.00%;0;11032036001,0;g;3;pack;16,0;0,0;0,0;weight;月;2,833213344056216;0,0;0,0027639134122096;0,2255600552738581;0,0;0,0;0
克潮靈除濕桶補充包-去霉味350gx3;日用生活;54;克潮靈;規格：350g克x3x1set組;克潮靈除濕桶補充包;59;1;350,0;33,3;1053;8.47%;0;11032016002,0;g;3;set;18,0;19,666666666666668;8,474576271186447;weight;月;2,9444389791664403;3,028522096376982;0,0027639134122096;0,2372008753985296;0,3249736725724125;0,1283003578904721;0
[箱購]克潮靈集水袋補充包-去霉味180gx3x 12袋;日用生活;660;克潮靈;規格：180g克x3x12bag袋;克潮靈集水代替換包-去霉味;744;1;180,0;60,0;1055;11.29%;1;11032220001,0;g;3;bag;220,0;248,0;11,29032258064516;weight;月;5,3981627015177525;5,517452896464707;0,0049911716045434;0,4940063902353285;0,5920468380119885;0,1709291864798868;0
潔霜芳香浴廁清潔劑--檸檬;日用生活;35;潔霜;規格：750g克x1x1bottle瓶;潔霜芳香浴廁清潔劑--檸檬;42;1;750,0;36,0;1072;16.67%;0;11040006001,0;g;1;bottle;35,0;42,0;16,666666666666664;weight;月;3,58351893845611;3,7612001156935615;0,0029891417687377;0,3040866688039887;0,4035932299582511;0,2523240371845949;0
【安心價】白博士馬桶清潔劑-750g;日用生活;78;白博士;規格：750g克x1x1bottle瓶;白博士馬桶清潔劑 白博士馬桶清潔;0;1;750,0;33,3;1073;0.00%;0;11040007001,0;g;1;bottle;78,0;0,0;0,0;weight;月;4,3694478524670215;0,0;0,0027639134122096;0,3863416013985562;0,0;0,0;0
新潔霜 S浴廁專用清潔劑;日用生活;149;潔霜;規格：3800g克x1x1bottle瓶;新潔霜 S浴廁專用清潔劑;169;1;3800,0;36,0;1077;11.83%;1;11040011001,0;g;1;bottle;149,0;169,0;11,83431952662722;weight;月;5,010635294096256;5,135798437050262;0,0029891417687377;0,4534479628664632;0,5510936445458008;0,1791649968174638;0
威猛先生潔廁劑-柑橘;日用生活;49;威猛先生;規格：900g克x1x1bottle瓶;威猛先生潔廁劑-柑橘;54;1;900,0;33,3;1080;9.26%;0;11040018001,0;g;1;bottle;49,0;54,0;9,25925925925926;weight;月;3,912023005428146;4,007333185232471;0,0027639134122096;0,3384677424661431;0,4300043853020632;0,1401800206581083;0
威猛先生潔廁清香凍補充管-清新海洋38gx2;日用生活;139;威猛先生;規格：38g克x2x1box盒;威猛先生除臭威力潔廁劑;0;1;38,0;36,0;1086;0.00%;1;11040027001,0;g;2;box;69,5;0,0;0,0;weight;月;4,255612709818223;0,0;0,0029891417687377;0,3744276715016598;0,0;0,0;0
家樂福超值浴廁清潔劑;日用生活;25;家樂福;規格：1000g克x1x1bottle瓶;家福超值浴廁清潔劑;0;1;1000,0;33,3;1089;0.00%;1;11040030001,0;g;1;bottle;25,0;0,0;0,0;weight;月;3,258096538021482;0,0;0,0027639134122096;0,2700281208420531;0,0;0,0;0
潔霜芳香浴廁清潔劑-清新皂香;日用生活;35;潔霜;規格：750g克x1x1bottle瓶;潔霜芳香浴廁清潔劑-清新皂香;42;1;750,0;36,0;1092;16.67%;1;11040035001,0;g;1;bottle;35,0;42,0;16,666666666666664;weight;月;3,58351893845611;3,7612001156935615;0,0029891417687377;0,3040866688039887;0,4035932299582511;0,2523240371845949;0
毛寶兔果酸去垢除臭馬桶清潔劑;日用生活;109;毛寶;規格：651g克x1x1bottle瓶;毛寶兔果酸去垢除臭馬桶清潔劑 毛寶兔馬桶清潔;0;1;651,0;36,0;1099;0.00%;1;11040048001,0;g;1;bottle;109,0;0,0;0,0;weight;月;4,700480365792417;0,0;0,0029891417687377;0,4209873010092624;0,0;0,0;0
藍藍香馬桶清廁劑65g*4;日用生活;86;潔霜;規格：65g克x4x1set組;家福固體馬桶潔廁劑;105;1;65,0;36,0;1108;18.10%;0;11041002001,0;g;4;set;21,5;26,25;18,09523809523809;weight;月;3,1135153092103742;3,305053521109253;0,0029891417687377;0,2548963207284714;0,3546467044398154;0,2739518118004173;0
威猛先生潔廁清香凍補充管-清新海洋38gx2;日用生活;139;威猛先生;規格：38g克x2x1box盒;威猛先生潔廁清香凍清新;0;1;38,0;36,0;1110;0.00%;1;11041005001,0;g;2;box;69,5;0,0;0,0;weight;月;4,255612709818223;0,0;0,0029891417687377;0,3744276715016598;0,0;0,0;0
威猛先生潔廁香凍清新檸檬;日用生活;79;威猛先生;規格：38g克x1x1box盒;威猛先生潔廁香凍清新檸檬;99;1;38,0;36,0;1112;20.20%;0;11041006001,0;g;1;box;79,0;99,0;20,2020202020202;weight;月;4,382026634673881;4,605170185988092;0,0029891417687377;0,3876580905416603;0,4941549113846197;0,305847317799509;0
威猛先生潔廁清香凍補充管-清新海洋38gx2;日用生活;139;威猛先生;規格：38g克x2x1box盒;威猛先生潔廁清香凍補充管;0;1;38,0;36,0;1115;0.00%;0;11041007001,0;g;2;box;69,5;0,0;0,0;weight;月;4,255612709818223;0,0;0,0029891417687377;0,3744276715016598;0,0;0,0;0
優品馬桶自動清潔劑;日用生活;100;優品;規格：255g克x1x2bottle瓶;優品馬桶自動清潔劑;0;1;255,0;33,3;1119;0.00%;1;11041014001,0;g;2;bottle;50,0;0,0;0,0;weight;月;3,9318256327243257;0,0;0,0027639134122096;0,3405402756741782;0,0;0,0;0
妙管家馬桶自動清潔劑-薄荷65gx5;日用生活;79;妙管家;規格：65g克x5x1set組;妙管家馬桶自動清潔劑;95;1;65,0;33,3;1120;16.84%;1;11041017001,0;g;5;set;15,8;19,0;16,84210526315789;weight;月;2,8213788864092133;2,995732273553991;0,0027639134122096;0,2243214667721581;0,3214551811080333;0,2549800796812748;0
Bref妙力懸掛式馬桶清潔球-薰衣草香氛50gx3;日用生活;169;Bref 妙力;規格：150g克x1x1set組;Bref妙力懸掛式馬桶清潔球;199;1;150,0;36,0;1123;15.08%;0;11041019001,0;g;1;set;169,0;199,0;15,07537688442211;weight;月;5,135798437050262;5,298317366548036;0,0029891417687377;0,4665474756894042;0,5685326368003432;0,2282327974534024;0
威猛先生潔廁清香凍重裝薰衣草;日用生活;139;威猛先生;規格：38g克x2x1set組;威猛先生潔廁清香凍重裝薰衣草;0;1;38,0;36,0;1126;0.00%;1;11041024001,0;g;2;set;69,5;0,0;0,0;weight;月;4,255612709818223;0,0;0,0029891417687377;0,3744276715016598;0,0;0,0;0
威猛先生潔廁清香凍活力柑橘重;日用生活;139;威猛先生;規格：38g克x2x1set組;威猛先生潔廁清香凍活力柑橘重;0;1;38,0;24,0;1133;0.00%;1;11041031001,0;g;2;set;69,5;0,0;0,0;weight;月;4,255612709818223;0,0;0,0019881268508348;0,3744276715016598;0,0;0,0;0
Bref妙力懸掛式馬桶清潔球-海洋香氛50gx3;日用生活;169;Bref 妙力;規格：150g克x1x1set組;Bref妙力懸掛式馬桶清潔球50g 妙力清潔球海洋;199;1;150,0;36,0;1137;15.08%;1;11041999003,0;g;1;set;169,0;199,0;15,07537688442211;weight;月;5,135798437050262;5,298317366548036;0,0029891417687377;0,4665474756894042;0,5685326368003432;0,2282327974534024;0
【安心價】花仙子 小通排水管疏通定量包-120g;日用生活;35;潔霜;規格：120g克x1x1pack包;花仙子小通排水管疏通定量包;0;1;120,0;33,3;1141;0.00%;0;11042003001,0;g;1;pack;35,0;0,0;0,0;weight;月;3,58351893845611;0,0;0,0027639134122096;0,3040866688039887;0,0;0,0;0
威猛先生通樂超濃疏通膠;日用生活;158;威猛先生;規格：800g克x1x1bottle瓶;家福水管疏通劑;0;1;800,0;24,0;1143;0.00%;0;11042006001,0;g;1;bottle;158,0;0,0;0,0;weight;月;5,068904202220232;0,0;0,0019881268508348;0,4595463580580035;0,0;0,0;0
妙管家管路疏通劑960g;日用生活;79;妙管家;規格：960g克x1x1bottle瓶;妙管家管路疏通劑;0;1;960,0;33,3;1144;0.00%;0;11042007001,0;g;1;bottle;79,0;0,0;0,0;weight;月;4,382026634673881;0,0;0,0027639134122096;0,3876580905416603;0,0;0,0;0
威猛先生通樂超濃疏通膠;日用生活;158;威猛先生;規格：800g克x1x1bottle瓶;通樂超濃疏通膠;0;1;800,0;24,0;1145;0.00%;0;11042008001,0;g;1;bottle;158,0;0,0;0,0;weight;月;5,068904202220232;0,0;0,0019881268508348;0,4595463580580035;0,0;0,0;0
威猛先生通樂激泡排水管清洗劑;日用生活;97;威猛先生;規格：20g克x6x1pack包;通樂激泡排水管清洗劑;0;1;20,0;33,3;1146;0.00%;1;11042009001,0;g;6;pack;16,166666666666668;0,0;0,0;weight;月;2,842969519001581;0,0;0,0027639134122096;0,2265811317328172;0,0;0,0;0
妙管家快速疏通劑960g;日用生活;79;妙管家;規格：960g克x1x1bottle瓶;家福馬桶疏通劑;99;1;960,0;33,3;1147;20.20%;1;11042010001,0;g;1;bottle;79,0;99,0;20,2020202020202;weight;月;4,382026634673881;4,605170185988092;0,0027639134122096;0,3876580905416603;0,4941549113846197;0,305847317799509;0
威猛先生通樂超濃疏通膠;日用生活;158;威猛先生;規格：800g克x1x1bottle瓶;浴室通樂;0;1;800,0;24,0;1152;0.00%;1;11042022001,0;g;1;bottle;158,0;0,0;0,0;weight;月;5,068904202220232;0,0;0,0019881268508348;0,4595463580580035;0,0;0,0;0
魔術靈水管疏通劑500G;日用生活;99;魔術靈;規格：500g克x1x1bottle瓶;魔術靈水管疏通劑500G;104;1;500,0;24,0;1153;4.81%;0;11042023001,0;g;1;bottle;99,0;104,0;4,807692307692308;weight;月;4,605170185988092;4,653960350157523;0,0019881268508348;0,411012184588909;0,4993903094867233;0,0727857799570947;0
小通水管疏通劑;日用生活;88;潔霜;規格：510g克x1x1bottle瓶;小通水管疏通膠 小通水管疏通膠;89;1;510,0;33,3;1155;1.12%;1;11042028001,0;g;1;bottle;88,0;89,0;1,1235955056179776;weight;月;4,48863636973214;4,499809670330265;0,0027639134122096;0,3988158128430185;0,4828492670380231;0,0170106092483996;0
毛寶洗碗精-擠壓瓶-1000g;日用生活;72;毛寶;規格：1000g克x1x1bottle瓶;毛寶洗碗精-擠壓瓶;0;1;1000,0;33,3;1167;0.00%;1;11050002001,0;g;1;bottle;72,0;0,0;0,0;weight;月;4,290459441148391;0,0;0,0027639134122096;0,3780747132195628;0,0;0,0;0
毛寶小蘇打洗碗精2800G-無香精;日用生活;139;毛寶;規格：2800g克x1x1pc瓶;毛寶小蘇打洗碗精-無香精;159;1;2800,0;36,0;1168;12.58%;1;11050003001,0;g;1;pc;139,0;159,0;12,57861635220126;weight;月;4,941642422609304;5,075173815233827;0,0029891417687377;0,4462272029573983;0,544588357355204;0,190433235611015;0
泡舒洗潔精-綠茶2.8L;日用生活;185;泡舒;規格：2800g克x1x1bottle瓶;泡舒洗潔精-綠茶2.8L;209;1;2800,0;33,3;1169;11.48%;1;11050004001,0;g;1;bottle;185,0;209,0;11,483253588516746;weight;月;5,225746673713202;5,3471075307174685;0,0027639134122096;0,4759614137845836;0,5737680349024469;0,1738500543281419;0
皂福冷壓橘油皂精補充包-1500g;日用生活;99;皂福;規格：1500g克x1x1bag袋;皂福無香精洗潔精補充包 無香精洗潔補充;0;1;1500,0;33,3;1173;0.00%;1;11050008001,0;g;1;bag;99,0;0,0;0,0;weight;月;4,605170185988092;0,0;0,0027639134122096;0,411012184588909;0,0;0,0;0
皂福無香精洗潔精補充包-800g;日用生活;59;皂福;規格：800g克x1x1pack包;皂福無香精洗潔精 無香精洗潔精;65;1;800,0;33,3;1182;9.23%;1;11050015001,0;g;1;pack;59,0;65,0;9,230769230769232;weight;月;4,0943445622221;4,189654742026425;0,0027639134122096;0,3575494266964488;0,4495682861140571;0,1397486975176218;0
泡舒抗菌洗潔精--檸檬2.8L;日用生活;184;泡舒;規格：2800g克x1x1bottle瓶;泡舒抗菌洗潔精--檸檬2.8L;209;1;2800,0;33,3;1183;11.96%;0;11050017001,0;g;1;bottle;184,0;209,0;11,961722488038278;weight;月;5,220355825078324;5,3471075307174685;0,0027639134122096;0,4753972102247141;0,5737680349024469;0,1810938065918145;0
一滴淨蘆薈多酚食品用洗潔精-檸檬精油1000g;日用生活;179;楓康;規格：1000g克x1x1bottle瓶;楓康一滴淨洗潔精檸檬;0;1;1000,0;36,0;1184;0.00%;0;11050018001,0;g;1;bottle;179,0;0,0;0,0;weight;月;5,19295685089021;0,0;0,0029891417687377;0,472529647096769;0,0;0,0;0
泡舒洗潔精補充包-檸檬800g;日用生活;59;泡舒;規格：800g克x1x1pack包;泡舒檸檬抗菌精油洗潔精補充包;65;1;800,0;33,3;1187;9.23%;0;11050020001,0;g;1;pack;59,0;65,0;9,230769230769232;weight;月;4,0943445622221;4,189654742026425;0,0027639134122096;0,3575494266964488;0,4495682861140571;0,1397486975176218;0
一滴淨蘆薈多酚食品用洗潔精-檸檬精油1000g;日用生活;179;楓康;規格：1000g克x1x1bottle瓶;楓康一滴淨奶瓶蔬果清潔劑(檸檬) 一滴淨蔬果精;0;1;1000,0;36,0;1188;0.00%;0;11050021001,0;g;1;bottle;179,0;0,0;0,0;weight;月;5,19295685089021;0,0;0,0029891417687377;0,472529647096769;0,0;0,0;0
白蘭新動力配方洗碗精補充包-活力鮮柚800g;日用生活;88;白蘭;規格：800g克x1x1pack包;白蘭新動力配方洗碗精鮮柚補充;0;1;800,0;33,3;1189;0.00%;1;11050022001,0;g;1;pack;88,0;0,0;0,0;weight;月;4,48863636973214;0,0;0,0027639134122096;0,3988158128430185;0,0;0,0;0
家樂福洗碗精-蘋果香2.8L;日用生活;129;家樂福;規格：2800g克x1x1bottle瓶;家福洗碗精-蘋果香;0;1;2800,0;33,3;1192;0.00%;1;11050029001,0;g;1;bottle;129,0;0,0;0,0;weight;月;4,867534450455582;0,0;0,0027639134122096;0,4384710991348332;0,0;0,0;0
毛寶小蘇打洗碗精-無香精1000g;日用生活;65;毛寶;規格：1000g克x1x1bottle瓶;毛寶小蘇打洗碗精按壓瓶無香精;67;1;1000,0;33,3;1195;2.99%;1;11050031001,0;g;1;bottle;65,0;67,0;2,985074626865672;weight;月;4,189654742026425;4,219507705176107;0,0027639134122096;0,3675245431168023;0,452771639684938;0,0451923648688826;0
白熊軟性洗碗精4Kg;日用生活;138;白熊;規格：4kg公斤x1x1bottle瓶;白熊軟性洗碗精4Kg;152;1;4000,0;33,3;1198;9.21%;1;11050035001,0;g;1;bottle;138,0;152,0;9,210526315789473;weight;月;4,934473933130692;5,030437921392435;0,0027639134122096;0,4454769523833878;0,5397880001992043;0,1394422310756972;0
妙管家E護洗潔精3200g;日用生活;109;妙管家;規格：3200g克x1x1bottle瓶;妙管家E護洗潔精;149;1;3200,0;36,0;1200;26.85%;1;11050037001,0;g;1;bottle;109,0;149,0;26,845637583892614;weight;月;4,700480365792417;5,010635294096256;0,0029891417687377;0,4209873010092624;0,5376630916417527;0,4064279793577368;0
藍寶洗碗精3000g;日用生活;125;LION 獅王;規格：3000g克x1x1bottle瓶;藍寶洗碗精3000g;129;1;3000,0;33,3;1202;3.10%;1;11050039001,0;g;1;bottle;125,0;129,0;3,10077519379845;weight;月;4,836281906951478;4,867534450455582;0,0027639134122096;0,4352002233424926;0,5223077449656454;0,0469440069180641;0
一滴淨蘆薈多酚食品用洗潔精-柑橘精油1000g;日用生活;179;楓康;規格：1000g克x1x1bottle瓶;楓康一滴淨洗潔精橘子;0;1;1000,0;36,0;1212;0.00%;1;11050053001,0;g;1;bottle;179,0;0,0;0,0;weight;月;5,19295685089021;0,0;0,0029891417687377;0,472529647096769;0,0;0,0;0
白蘭新動力配方洗碗精補充包-檸檬800g;日用生活;88;白蘭;規格：800g克x1x1pack包;白蘭新動力配方洗碗精檸檬補充;0;1;800,0;33,3;1216;0.00%;1;11050059001,0;g;1;pack;88,0;0,0;0,0;weight;月;4,48863636973214;0,0;0,0027639134122096;0,3988158128430185;0,0;0,0;0
白蘭新動力配方洗碗精-活力鮮柚1kg;日用生活;79;白蘭;規格：1000g克x1x1bottle瓶;白蘭新動力配方洗碗精鮮柚1kg;92;1;1000,0;33,3;1218;14.13%;1;11050061001,0;g;1;bottle;79,0;92,0;14,130434782608695;weight;月;4,382026634673881;4,532599493153256;0,0027639134122096;0,3876580905416603;0,4863677585024024;0,213926901091287;0
白蘭新動力配方洗碗精檸檬1kg;日用生活;79;白蘭;規格：1000g克x1x1bottle瓶;白蘭新動力配方洗碗精檸檬1kg;92;1;1000,0;33,3;1219;14.13%;0;11050062001,0;g;1;bottle;79,0;92,0;14,130434782608695;weight;月;4,382026634673881;4,532599493153256;0,0027639134122096;0,3876580905416603;0,4863677585024024;0,213926901091287;0
茶樹莊園茶樹超濃縮洗碗精-茶樹速淨;日用生活;229;茶樹莊園;規格：1000g克x1x1pc瓶;茶樹莊園茶樹超濃縮洗碗精;0;1;1000,0;36,0;1222;0.00%;1;11050063001,0;g;1;pc;229,0;0,0;0,0;weight;月;5,438079308923196;0,0;0,0029891417687377;0,4981840426832862;0,0;0,0;0
白蘭新動力配方洗碗精-活力鮮柚-2.8kg;日用生活;169;白蘭;規格：2.8kg公斤x1x1bottle瓶;白蘭新動力配方洗碗精柚2.8kg;195;1;2800,0;33,3;1223;13.33%;1;11050064001,0;g;1;bottle;169,0;195,0;13,333333333333334;weight;月;5,135798437050262;5,278114659230517;0,0027639134122096;0,4665474756894042;0,5663647979060079;0,2018592297476759;0
妙管家植萃酵素洗潔精-檸檬清新(壓+重)1000gx2;日用生活;105;妙管家;規格：1000g克x2x1set組;妙管家植萃酵素洗潔精(壓+重) 植萃酵素洗潔精;109;1;1000,0;33,3;1227;3.67%;0;11050068001,0;g;2;set;52,5;54,5;3,669724770642202;weight;月;3,979681653901961;4,0163830207523885;0,0027639134122096;0,3455488632525657;0,4309754722518999;0,0555575861690851;0
白蘭新動力配方洗碗精-清新檸檬-2.8kg;日用生活;169;白蘭;規格：2.8kg公斤x1x1bottle瓶;白蘭新動力配方洗碗精檸2.8kg;195;1;2800,0;33,3;1232;13.33%;1;11050076001,0;g;1;bottle;169,0;195,0;13,333333333333334;weight;月;5,135798437050262;5,278114659230517;0,0027639134122096;0,4665474756894042;0,5663647979060079;0,2018592297476759;0
家樂福超值洗潔精5000克;日用生活;125;家樂福;規格：5000g克x1x1bottle瓶;家福超值洗潔精5000克;128;1;5000,0;36,0;1233;2.34%;0;11050077001,0;g;1;bottle;125,0;128,0;2,34375;weight;月;4,836281906951478;4,859812404361672;0,0029891417687377;0,4352002233424926;0,5214791356311077;0,0354830677290836;0
清淨海環保洗碗精;日用生活;89;清淨海;規格：1000g克x1x1bottle瓶;清淨海環保洗碗精;139;1;1000,0;36,0;1238;35.97%;1;11050087001,0;g;1;bottle;89,0;139,0;35,97122302158273;weight;月;4,499809670330265;4,941642422609304;0,0029891417687377;0,3999852049740031;0,5302598546453138;0,5445842529163919;0
潔倍除菌生態洗衣粉4.5kg;日用生活;129;潔倍;規格：4500g克x1x1bag包;潔倍茶籽粉;189;1;4500,0;36,0;1247;31.75%;1;11050101001,0;g;1;bag;129,0;189,0;31,746031746031743;weight;月;4,867534450455582;5,247024072160486;0,0029891417687377;0,4384710991348332;0,5630286418731141;0,4806172136849427;0
一滴淨蘆薈多酚食品用洗潔精補充包-檸檬精油800g;日用生活;129;楓康;規格：800g克x1x1pack包;楓康一滴淨洗碗精補充包檸檬;139;1;800,0;33,3;1248;7.19%;1;11050102001,0;g;1;pack;129,0;139,0;7,194244604316546;weight;月;4,867534450455582;4,941642422609304;0,0027639134122096;0,4384710991348332;0,5302598546453138;0,1089168505832783;0
一滴淨蘆薈多酚食品用洗潔精補充包-柑橘精油800g;日用生活;129;楓康;規格：800g克x1x1pack包;楓康一滴淨洗碗精補充包柑橘;139;1;800,0;36,0;1249;7.19%;0;11050103001,0;g;1;pack;129,0;139,0;7,194244604316546;weight;月;4,867534450455582;4,941642422609304;0,0029891417687377;0,4384710991348332;0,5302598546453138;0,1089168505832783;0
妙管家植萃酵素洗潔精-檸檬清新3200g;日用生活;109;妙管家;規格：3200g克x1x1bottle瓶;妙管家洗潔精 植萃酵素洗潔精;138;1;3200,0;36,0;1259;21.01%;1;11050129001,0;g;1;bottle;109,0;138,0;21,014492753623188;weight;月;4,700480365792417;4,934473933130692;0,0029891417687377;0,4209873010092624;0,5294906443577454;0,3181476990588371;0
OP茶酚淨洗潔精-清雅茶香;日用生活;159;OP;規格：1000g克x1x1bottle瓶;OP茶酚洗潔精 (零添加);279;1;1000,0;60,0;1261;43.01%;1;11050131001,0;g;1;bottle;159,0;279,0;43,01075268817204;weight;月;5,075173815233827;5,634789603169249;0,0049911716045434;0,4602025326644262;0,6046375800610373;0,6511588056376643;0
日星沙拉脫;日用生活;270;;規格：5kg公斤x1x1bucket桶;日星沙拉脫;279;1;5000,0;33,3;1269;3.23%;0;11050046001,0;g;1;bucket;270,0;279,0;3,225806451612903;weight;月;5,602118820879701;5,634789603169249;0,0027639134122096;0,5153523371158802;0,6046375800610373;0,0488369104228248;0
加倍潔小蘇打去汙粉;日用生活;98;加倍潔;規格：1kg公斤x1x1bag包;加倍潔小蘇打去汙粉;0;1;1000,0;36,0;1272;0.00%;1;11051002001,0;g;1;bag;98,0;0,0;0,0;weight;月;4,59511985013459;0,0;0,0029891417687377;0,4099603213943566;0,0;0,0;0
毛寶熱水瓶洗淨劑;日用生活;65;毛寶;規格：75g克x1x1box盒;毛寶熱水瓶洗淨劑 熱水瓶洗淨劑;70;1;75,0;33,3;1273;7.14%;1;11051003001,0;g;1;box;65,0;70,0;7,142857142857142;weight;月;4,189654742026425;4,262679877041316;0,0027639134122096;0,3675245431168023;0,457404202630656;0,1081388730791121;0
藍寶洗衣槽去污劑;日用生活;89;LION 獅王;規格：300g克x3x1pack包;藍寶洗衣槽去污劑;99;1;300,0;33,3;1274;10.10%;0;11051004001,0;g;3;pack;29,666666666666668;33,0;10,1010101010101;weight;月;3,4231762883809305;3,5263605246161616;0,0027639134122096;0,2873052861129518;0,3783939142692145;0,1529236588997544;0
毛寶洗衣槽專用去污劑;日用生活;109;毛寶;規格：900g克x1x1box盒;毛寶洗衣槽專用去污劑;0;1;900,0;33,3;1275;0.00%;1;11051006001,0;g;1;box;109,0;0,0;0,0;weight;月;4,700480365792417;0,0;0,0027639134122096;0,4209873010092624;0,0;0,0;0
家樂福小蘇打粉;日用生活;58;家樂福;規格：1kg公斤x1x1pack包;家樂福小蘇打粉;62;1;1000,0;36,0;1276;6.45%;0;11051007001,0;g;1;pack;58,0;62,0;6,451612903225806;weight;月;4,07753744390572;4,143134726391533;0,0029891417687377;0,3557904019811377;0,4445764848829938;0,0976738208456496;0
加倍潔香氛洗衣槽去汙劑;日用生活;129;加倍潔;規格：200g克x2x1pc盆;加倍潔洗衣槽專用去污劑;0;1;200,0;36,0;1277;0.00%;0;11051009001,0;g;2;pc;64,5;0,0;0,0;weight;月;4,182050142641207;0,0;0,0029891417687377;0,3667286494950146;0,0;0,0;0
家樂福洗碗機專用清潔鹽1kg;日用生活;99;家樂福自有品牌;規格：1kg公斤x1x1box盒;家福洗碗機專用清潔鹽;0;1;1000,0;96,0;1280;0.00%;1;11051012001,0;g;1;box;99,0;0,0;0,0;weight;月;4,605170185988092;0,0;0,0079942163582521;0,411012184588909;0,0;0,0;0
妙管家洗衣槽專用清潔劑150gx4;日用生活;79;妙管家;規格：150g克x4x1box盒;妙管家洗衣槽專用清潔劑;95;1;150,0;60,0;1281;16.84%;0;11051013001,0;g;4;box;19,75;23,75;16,842105263157894;weight;月;3,0325462466767075;3,2088254890146994;0,0049911716045434;0,2464221385699822;0,3443210155397432;0,2549800796812749;0
橘子工坊食器妙用清潔粉-450g;日用生活;129;橘子工坊;規格：450g克x1x1can罐;橘子工坊食器妙用清潔粉;0;1;450,0;36,0;1286;0.00%;1;11051023001,0;g;1;can;129,0;0,0;0,0;weight;月;4,867534450455582;0,0;0,0029891417687377;0,4384710991348332;0,0;0,0;0
天工去汙粉-600g;日用生活;47;天工;規格：600g克x1x1can罐;天工去汙粉;0;1;600,0;36,0;1292;0.00%;0;11051037001,0;g;1;can;47,0;0,0;0,0;weight;月;3,871201010907891;0,0;0,0029891417687377;0,3341953326492003;0,0;0,0;0
清淨海巧蘇打小蘇打;日用生活;119;清淨海;規格：350g克x1x1box盒;清淨海巧蘇打小蘇打 清淨海巧蘇打;0;1;350,0;33,3;1293;0.00%;0;11051038001,0;g;1;box;119,0;0,0;0,0;weight;月;4,787491742782046;0,0;0,0027639134122096;0,4300938688192147;0,0;0,0;0
清淨海巧檸酸檸檬酸;日用生活;119;清淨海;規格：350g克x1x1box盒;清淨海巧檸酸檸檬酸 清淨海巧檸酸;0;1;350,0;36,0;1294;0.00%;1;11051039001,0;g;1;box;119,0;0,0;0,0;weight;月;4,787491742782046;0,0;0,0029891417687377;0,4300938688192147;0,0;0,0;0
AH小蘇打粉13.5lb;日用生活;429;AH;規格：6120g克x1x1bag包;AH小蘇打粉13.5lb;499;1;6120,0;36,0;1295;14.03%;0;11051044001,0;g;1;bag;429,0;499,0;14,02805611222445;weight;月;6,063785208687608;6,214608098422191;0,0029891417687377;0,5636701136136534;0,6668546416612059;0,2123769451253103;0
毛寶電鍋專用清潔劑;日用生活;79;毛寶;規格：200g克x1x1bottle瓶;毛寶電鍋專用清潔劑 毛寶電鍋清潔劑;99;1;200,0;36,0;1302;20.20%;0;11051999001,0;g;1;bottle;79,0;99,0;20,2020202020202;weight;月;4,382026634673881;4,605170185988092;0,0029891417687377;0,3876580905416603;0,4941549113846197;0,305847317799509;0
噴效水性噴霧殺蟲劑;日用生活;68;噴效;規格：600g克x1x1bottle瓶;噴效水性噴霧殺蟲劑;85;1;600,0;36,0;1359;20.00%;0;11070001001,0;g;1;bottle;68,0;85,0;20,0;weight;月;4,23410650459726;4,454347296253507;0,0029891417687377;0,3721768426680604;0,4779709553739745;0,3027888446215139;0
花仙子防蚊香膏-香茅薄荷;日用生活;69;花仙子;規格：200g克x1x1box箱;花仙子防蚊香膏-香茅薄荷;75;1;200,0;24,0;1381;8.00%;1;11070030001,0;g;1;box;69,0;75,0;8,0;weight;月;4,248495242049359;4,330733340286331;0,0019881268508348;0,3736827608346326;0,4647066370122513;0,1211155378486055;0
威滅滅蟑隊_超強誘食 12入;日用生活;208;威滅;規格：1g克x12x1box盒;威滅滅蟑隊;279;1;1,0;36,0;1400;25.45%;1;11071001001,0;g;12;box;17,333333333333332;23,25;25,44802867383513;weight;月;2,908720896564361;3,188416617383492;0,0029891417687377;0,2334626384861765;0,3421310543124546;0,3852689600022848;0
威滅滅蟑隊_超強誘食 12入;日用生活;208;威滅;規格：1g克x12x1box盒;威滅滅蟻隊;279;1;1,0;36,0;1402;25.45%;0;11071004001,0;g;12;box;17,333333333333332;23,25;25,44802867383513;weight;月;2,908720896564361;3,188416617383492;0,0029891417687377;0,2334626384861765;0,3421310543124546;0,3852689600022848;0
威滅 5X強效滅蟑凝膠 8g;日用生活;149;威滅;規格：8g克x1x1pc個;威滅滅蟑凝膠劑8g 威滅滅蟑凝膠劑;199;1;8,0;24,0;1408;25.13%;0;11071012001,0;g;1;pc;149,0;199,0;25,125628140703515;weight;月;5,010635294096256;5,298317366548036;0,0019881268508348;0,4534479628664632;0,5685326368003432;0,3803879957556707;0
鱷魚點點殺蟑(加量不加價);日用生活;119;鱷魚;規格：10g克x1x1box盒;鱷魚點點殺蟑 鱷魚點點殺蟑;0;1;10,0;24,0;1409;0.00%;0;11071013001,0;g;1;box;119,0;0,0;0,0;weight;月;4,787491742782046;0,0;0,0019881268508348;0,4300938688192147;0,0;0,0;0
威滅滅蟑隊_居家防護6入;日用生活;139;威滅;規格：4.5g克x6x1box盒;威滅滅蟑隊居家裝潢;187;1;4,5;36,0;1413;25.67%;0;11071018001,0;g;6;box;23,166666666666668;31,166666666666668;25,66844919786096;weight;月;3,1849742731925192;3,47093071967683;0,0029891417687377;0,2623751806620396;0,3724460536600229;0,3886060037923173;0
蟑愛呷除蟑錠一號;日用生活;158;蟑愛呷;規格：3g克x6x1box盒;蟑愛呷除蟑錠一號 蟑愛呷除蟑錠;0;1;3,0;36,0;1420;0.00%;0;11071037001,0;g;6;box;26,33333333333333;0,0;0,0;weight;月;3,308106958596144;0,0;0,0029891417687377;0,2752621867989872;0,0;0,0;0
噴效新殺蟑屋;日用生活;142;噴效;規格：2.4g克x6x1box盒;噴效新殺蟑屋 噴效新殺蟑屋;0;1;2,4;36,0;1425;0.00%;0;11071904001,0;g;6;box;23,666666666666668;0,0;0,0;weight;月;3,20545280453606;0,0;0,0029891417687377;0,2645184536543796;0,0;0,0;0
家家滅蟑凝膠餌劑(吊卡式)3gx4;日用生活;165;家家;規格：5g克x4x1box盒;家家滅蟑凝膠餌劑4入(吊卡式);0;1;5,0;36,0;1429;0.00%;1;11071913001,0;g;4;box;41,25;0,0;0,0;weight;月;3,743604353803183;0,0;0,0029891417687377;0,3208411294352259;0,0;0,0;0
夜安寧廣效水蒸煙霧式殺蟲劑;日用生活;99;夜安寧;規格：20g克x1x1box盒;夜安寧廣效水蒸煙霧式殺蟲劑;0;1;20,0;36,0;1439;0.00%;1;11072008001,0;g;1;box;99,0;0,0;0,0;weight;月;4,605170185988092;0,0;0,0029891417687377;0,411012184588909;0,0;0,0;0
噴立淨氣霧式殺蟲劑;日用生活;99;噴立淨;規格：42.5g克x1x1can罐;噴立淨氣霧式殺蟲劑;0;1;42,5;36,0;1444;0.00%;0;11072015001,0;g;1;can;99,0;0,0;0,0;weight;月;4,605170185988092;0,0;0,0029891417687377;0,411012184588909;0,0;0,0;0
必安住水蒸式白蟻衣魚殺蹣滅蟑30g;日用生活;236;必安住;規格：30g克x1x1box盒;必安住水蒸式白蟻衣魚殺蹣滅蟑 水蒸式白蟻衣魚;0;1;30,0;48,0;1451;0.00%;0;11072036001,0;g;1;box;236,0;0,0;0,0;weight;月;5,468060141135132;0,0;0,0039901566866406;0,5013218217988764;0,0;0,0;0
興家安速水煙殺蟲劑盒裝;日用生活;169;興家安速;規格：20g克x1x1box盒;興家安速水煙殺蟲劑盒裝;0;1;20,0;48,0;1454;0.00%;1;11072900001,0;g;1;box;169,0;0,0;0,0;weight;月;5,135798437050262;0,0;0,0039901566866406;0,4665474756894042;0,0;0,0;0
速必效頑強全釋型煙霧寶;日用生活;150;速必效;規格：45g克x2x1box盒;速必效頑強全釋型煙霧寶;176;1;45,0;60,0;1455;14.77%;0;11072902001,0;g;2;box;75,0;88,0;14,772727272727272;weight;月;4,330733340286331;4,48863636973214;0,0049911716045434;0,3822897596440613;0,48165032299384;0,2236508511408909;0
威滅衣櫃除蟲片天然草本香2入;日用生活;147;威滅;規格：3g克x1x1bag袋;威滅衣櫃除蟲片天然草本香2入;155;1;3,0;24,0;1492;5.16%;0;11074007001,0;g;1;bag;147,0;155,0;5,161290322580645;weight;月;4,997212273764115;5,049856007249537;0,0019881268508348;0,4520431161774655;0,5418716457776392;0,0781390566765197;0
Farcent香水衣物香氛袋-小蒼蘭&英國梨;日用生活;55;Farcent 香水;規格：10g克x3x1box盒;花仙子香氛袋;0;1;10,0;36,0;1500;0.00%;1;11074015001,0;g;3;box;18,33333333333333;0,0;0,0;weight;月;2,961830721878309;0,0;0,0029891417687377;0,2390210866147911;0,0;0,0;0
威滅衣櫃除蟲片spa舒緩香氛2入;日用生活;147;威滅;規格：3g克x1x1bag袋;威滅衣櫃除蟲片spa舒緩香氛2入;179;1;3,0;24,0;1504;17.88%;0;11074020001,0;g;1;bag;147,0;179,0;17,877094972067038;weight;月;4,997212273764115;5,19295685089021;0,0019881268508348;0,4520431161774655;0,5572269924537467;0,2706492465890627;0
安德生香氛樂防蟲劑(薰衣草香)270g;日用生活;79;安德生;規格：270g克x1x1pack包;安德生香芬樂防蟲劑-薰衣草 香芬樂薰衣草;0;1;270,0;24,0;1515;0.00%;0;11074034001,0;g;1;pack;79,0;0,0;0,0;weight;月;4,382026634673881;0,0;0,0019881268508348;0,3876580905416603;0,0;0,0;0
安德生香氛樂防蟲劑(檸檬果香)270g;日用生活;79;;規格：270g克x1x1pack包;安德生香芬樂防蟲劑-檸檬 香芬樂檸檬;0;1;270,0;24,0;1524;0.00%;0;11074050001,0;g;1;pack;79,0;0,0;0,0;weight;月;4,382026634673881;0,0;0,0019881268508348;0,3876580905416603;0,0;0,0;0
Farcent香水衣物香氛袋-真我星夜;日用生活;55;Farcent 香水;規格：10g克x3x1box盒;Farcent香水衣物香袋真我星夜;0;1;10,0;36,0;1532;0.00%;0;;g;3;box;18,33333333333333;0,0;0,0;weight;月;2,961830721878309;0,0;0,0029891417687377;0,2390210866147911;0,0;0,0;0
小鹿山丘雙效防蚊液-甜橙精油;日用生活;429;eggshell 小鹿山丘;規格：120g克x1x1bottle瓶;小鹿山丘雙效防蚊液-甜橙精油;0;1;120,0;36,0;1562;0.00%;0;11076914001,0;g;1;bottle;429,0;0,0;0,0;weight;月;6,063785208687608;0,0;0,0029891417687377;0,5636701136136534;0,0;0,0;0
小鹿山丘雙效防蚊液-迷迭香精油-120g;日用生活;429;eggshell 小鹿山丘;規格：120g克x1x1bottle瓶;小鹿山丘雙效防蚊液-迷迭香精油;0;1;120,0;36,0;1563;0.00%;0;11076915001,0;g;1;bottle;429,0;0,0;0,0;weight;月;6,063785208687608;0,0;0,0029891417687377;0,5636701136136534;0,0;0,0;0
妙管家活氧洗衣粉4.5Kg;日用生活;119;妙管家;規格：4.5kg公斤x1x1pack包;妙管家活氧洗衣粉4.5Kg;149;1;4500,0;33,3;1573;20.13%;1;11100001001,0;g;1;pack;119,0;149,0;20,13422818791946;weight;月;4,787491742782046;5,010635294096256;0,0027639134122096;0,4300938688192147;0,5376630916417527;0,3048209845183026;0
白蘭含熊寶貝馨香精華洗衣粉(花漾清新)4.25kg;日用生活;185;白蘭;規格：4.25kg公斤x1x1bag袋;白蘭含熊寶貝馨香精華粉花漾;219;1;4250,0;33,3;1574;15.53%;1;11100003001,0;g;1;bag;185,0;219,0;15,52511415525114;weight;月;5,225746673713202;5,393627546352362;0,0027639134122096;0,4759614137845836;0,5787598361335103;0,2350415688842801;0
白蘭洗衣粉-強效潔淨除蟎-4.25Kg;日用生活;169;白蘭;規格：4.25kg公斤x1x1bag袋;白蘭強效潔淨洗衣粉;199;1;4250,0;33,3;1578;15.08%;1;11100008001,0;g;1;bag;169,0;199,0;15,07537688442211;weight;月;5,135798437050262;5,298317366548036;0,0027639134122096;0,4665474756894042;0,5685326368003432;0,2282327974534024;0
白蘭洗衣粉-鮮豔護色4.5Kg;日用生活;169;白蘭;規格：4.5kg公斤x1x1bag袋;白蘭鮮豔護色洗衣粉;199;1;4500,0;33,3;1579;15.08%;1;11100010001,0;g;1;bag;169,0;199,0;15,07537688442211;weight;月;5,135798437050262;5,298317366548036;0,0027639134122096;0,4665474756894042;0,5685326368003432;0,2282327974534024;0
白蘭洗衣粉-蘆薈親膚4.5Kg;日用生活;169;白蘭;規格：4.5kg公斤x1x1bag袋;白蘭蘆薈親膚洗衣粉;199;1;4500,0;33,3;1580;15.08%;1;11100011001,0;g;1;bag;169,0;199,0;15,07537688442211;weight;月;5,135798437050262;5,298317366548036;0,0027639134122096;0,4665474756894042;0,5685326368003432;0,2282327974534024;0
妙管家強效洗衣粉4.5Kg;日用生活;119;妙管家;規格：4.5kg公斤x1x1pack包;妙管家強效洗衣粉;149;1;4500,0;33,3;1582;20.13%;1;11100005001,0;g;1;pack;119,0;149,0;20,13422818791946;weight;月;4,787491742782046;5,010635294096256;0,0027639134122096;0,4300938688192147;0,5376630916417527;0,3048209845183026;0
白蘭陽光馨香超濃縮洗衣精補包1.6 Kg;日用生活;72;白蘭;規格：1.6kg公斤x1x1pack包;白蘭陽光馨香洗衣粉;85;1;1600,0;33,3;1583;15.29%;1;11100015001,0;g;1;pack;72,0;85,0;15,294117647058824;weight;月;4,290459441148391;4,454347296253507;0,0027639134122096;0,3780747132195628;0,4779709553739745;0,2315444105929224;0
白蘭含熊寶貝馨香精華洗衣粉-大自然馨香-4.25kg;日用生活;199;白蘭;規格：4.25kg公斤x1x1pack包;白蘭含熊寶貝大自然馨香洗衣粉;219;1;4250,0;33,3;1585;9.13%;0;11100017001,0;g;1;pack;199,0;219,0;9,1324200913242;weight;月;5,298317366548036;5,393627546352362;0,0027639134122096;0,4835566267116747;0,5787598361335103;0,1382597464025177;0
加倍潔制菌潔白洗衣粉4.5kg;日用生活;149;加倍潔;規格：4.5kg公斤x1x1pack包;加倍潔制菌潔白洗衣粉4.5kg;0;1;4500,0;33,3;1586;0.00%;0;11100018001,0;g;1;pack;149,0;0,0;0,0;weight;月;5,010635294096256;0,0;0,0027639134122096;0,4534479628664632;0,0;0,0;0
加倍潔防蹣潔白洗衣粉4.5kg;日用生活;149;加倍潔;規格：4.5kg公斤x1x1pack包;加倍潔防蹣潔白洗衣粉4.5kg;0;1;4500,0;33,3;1587;0.00%;1;11100019001,0;g;1;pack;149,0;0,0;0,0;weight;月;5,010635294096256;0,0;0,0027639134122096;0,4534479628664632;0,0;0,0;0
白蘭含熊寶貝馨香精華洗衣精-純淨溫和2.5kg;日用生活;149;白蘭;規格：2.5kg公斤x1x1bottle瓶;白蘭含熊寶貝純淨溫和洗衣粉;195;1;2500,0;36,0;1588;23.59%;0;11100021001,0;g;1;bottle;149,0;195,0;23,589743589743588;weight;月;5,010635294096256;5,278114659230517;0,0029891417687377;0,4534479628664632;0,5663647979060079;0,3571355603228112;0
藍寶抗菌防蹣洗衣粉;日用生活;239;藍寶;規格：4.5kg公斤x1x1bag包;藍寶抗菌防蹣洗衣粉;0;1;4500,0;36,0;1590;0.00%;0;11100107001,0;g;1;bag;239,0;0,0;0,0;weight;月;5,480638923341991;0,0;0,0029891417687377;0,5026383109419805;0,0;0,0;0
藍寶潔白除菌洗衣粉;日用生活;239;藍寶;規格：4.5kg公斤x1x1bag包;藍寶潔白除菌洗衣粉;0;1;4500,0;36,0;1591;0.00%;0;11100108001,0;g;1;bag;239,0;0,0;0,0;weight;月;5,480638923341991;0,0;0,0029891417687377;0,5026383109419805;0,0;0,0;0
加倍潔殺菌洗衣粉10KG;日用生活;265;加倍潔;規格：10kg公斤x1x1bag包;加倍潔殺菌洗衣粉10KG;0;1;10000,0;36,0;1595;0.00%;1;11100112001,0;g;1;bag;265,0;0,0;0,0;weight;月;5,583496308781699;0,0;0,0029891417687377;0,5134033141825651;0,0;0,0;0
[箱購]清淨海環保洗衣粉1.5Kg公斤x 6Box盒/箱;日用生活;570;清淨海;規格：1.5kg公斤x1x6box盒;清淨海環保洗衣粉;1014;1;1500,0;36,0;1603;43.79%;1;11101014001,0;g;6;box;95,0;169,0;43,78698224852072;weight;月;4,564348191467836;5,135798437050262;0,0029891417687377;0,4067397747719661;0,5510936445458008;0,6629104882246164;0
一匙靈亮彩超濃縮洗衣粉;日用生活;109;一匙靈;規格：1.9kg公斤x1x1box盒;一匙靈亮彩超濃縮洗衣粉;125;1;1900,0;33,3;1609;12.80%;0;11101021001,0;g;1;box;109,0;125,0;12,8;weight;月;4,700480365792417;4,836281906951478;0,0027639134122096;0,4209873010092624;0,5189542102987174;0,1937848605577689;0
加倍潔小蘇打制菌濃縮洗衣粉2KG補充包;日用生活;79;加倍潔;規格：2kg公斤x1x1bag包;加倍潔小蘇打制菌濃縮洗衣粉2KG補充包;0;1;2000,0;36,0;1610;0.00%;1;11101023001,0;g;1;bag;79,0;0,0;0,0;weight;月;4,382026634673881;0,0;0,0029891417687377;0,3876580905416603;0,0;0,0;0
一匙靈制菌超濃縮洗衣粉補充包-1.7Kg;日用生活;89;一匙靈;規格：1.7kg公斤x1x1bag包;一匙靈制菌超濃縮洗衣粉補充包;105;1;1700,0;36,0;1612;15.24%;0;11101028001,0;g;1;bag;89,0;105,0;15,23809523809524;weight;月;4,499809670330265;4,663439094112067;0,0029891417687377;0,3999852049740031;0,5004074201883315;0,2306962625687725;0
一匙靈亮彩超濃縮洗衣精補充包-1.8Kg;日用生活;69;一匙靈;規格：1.8kg公斤x1x1pack包;一匙靈亮彩超濃縮洗衣粉補充包;0;1;1800,0;33,3;1613;0.00%;0;11101029001,0;g;1;pack;69,0;0,0;0,0;weight;月;4,248495242049359;0,0;0,0027639134122096;0,3736827608346326;0,0;0,0;0
一匙靈淨柔超濃縮洗衣粉-1.9Kg;日用生活;108;一匙靈;規格：1.9kg公斤x1x1box盒;一匙靈淨柔超濃縮洗衣粉;119;1;1900,0;33,3;1617;9.24%;0;11101038001,0;g;1;box;108,0;119,0;9,243697478991598;weight;月;4,691347882229144;4,787491742782046;0,0027639134122096;0,4200314997828075;0,5137188121966135;0,1399444239847333;0
一匙靈Attack抗菌EX洗衣精補充-1.5Kg;日用生活;79;一匙靈;規格：1.5kg公斤x1x1pack包;一匙靈Attack抗菌EX超濃縮洗粉;0;1;1500,0;33,3;1618;0.00%;1;11101039001,0;g;1;pack;79,0;0,0;0,0;weight;月;4,382026634673881;0,0;0,0027639134122096;0,3876580905416603;0,0;0,0;0
一匙靈Attack抗菌EX洗衣粉補充包-1.5g;日用生活;89;一匙靈;規格：1.5kg公斤x1x1bag包;一匙靈抗菌EX洗衣粉補充包;99;1;1500,0;36,0;1620;10.10%;0;11101055001,0;g;1;bag;89,0;99,0;10,1010101010101;weight;月;4,499809670330265;4,605170185988092;0,0029891417687377;0,3999852049740031;0,4941549113846197;0,1529236588997545;0
家樂福薰衣草天然洗衣皂150gx5;日用生活;65;家樂福;規格：150g克x5x1pack包;家福薰衣草天然洗衣皂;79;1;150,0;33,3;1624;17.72%;1;11102003001,0;g;5;pack;13,0;15,8;17,721518987341774;weight;月;2,6390573296152584;2,8213788864092133;0,0027639134122096;0,2052397825418523;0,3027462997649979;0,2682939129557719;0
家樂福檸檬天然洗衣皂150gx5;日用生活;65;家樂福;規格：150g克x5x1pack包;家福檸檬天然洗衣皂 5個;79;1;150,0;33,3;1625;17.72%;1;11102004001,0;g;5;pack;13,0;15,8;17,721518987341774;weight;月;2,6390573296152584;2,8213788864092133;0,0027639134122096;0,2052397825418523;0,3027462997649979;0,2682939129557719;0
【安心價】水晶皂絲;日用生活;329;南僑水晶;規格：4.5kg公斤x1x1box盒;水晶皂絲;339;1;4500,0;33,3;1627;2.95%;1;11102006001,0;g;1;box;329,0;339,0;2,949852507374631;weight;月;5,799092654460526;5,828945617610208;0,0027639134122096;0,5359675214095826;0,6254713699615243;0,044659121625592;0
泡舒天然肥皂160g*5;日用生活;149;泡舒;規格：160g克x5x1set組;泡舒天然肥皂160g*5;170;1;160,0;33,3;1628;12.35%;1;11102007001,0;g;5;set;29,8;34,0;12,352941176470583;weight;月;3,427514689979529;3,555348061489413;0,0027639134122096;0,2877593410849717;0,3815044038138667;0,1870166393250526;0
水晶肥皂粉體-1.6kg;日用生活;160;南僑水晶;規格：1.6kg公斤x1x1box盒;水晶肥皂粉体;169;1;1600,0;33,3;1632;5.33%;1;11102012001,0;g;1;box;160,0;169,0;5,325443786982249;weight;月;5,081404364984463;5,135798437050262;0,0027639134122096;0,4608546189290098;0,5510936445458008;0,0806242485678587;0
皂福肥皂3入裝;日用生活;79;皂福;規格：200g克x3x1set組;皂福肥皂-三入裝;125;1;200,0;60,0;1633;36.80%;0;11102013001,0;g;3;set;26,33333333333333;41,66666666666666;36,8;weight;月;3,308106958596144;3,7534179752515073;0,0049911716045434;0,2752621867989872;0,402758172237208;0,5571314741035855;0
鷹王 護手洗衣皂-600g;日用生活;79;鷹王;規格：600g克x1x1box盒;鷹王護手洗衣皂 鷹王護手洗衣皂;0;1;600,0;60,0;1634;0.00%;1;11102014001,0;g;1;box;79,0;0,0;0,0;weight;月;4,382026634673881;0,0;0,0049911716045434;0,3876580905416603;0,0;0,0;0
艾克博士酵素潔污皂;日用生活;129;艾克博士;規格：300g克x1x1box盒;艾克博士酵素潔污皂 艾克酵素潔污皂;0;1;300,0;60,0;1636;0.00%;0;11102020001,0;g;1;box;129,0;0,0;0,0;weight;月;4,867534450455582;0,0;0,0049911716045434;0,4384710991348332;0,0;0,0;0
鷹王酵素潔汙皂-玫瑰150gx2;日用生活;106;鷹王;規格：300g克x1x1box盒;鷹王酵素潔汙皂 鷹王潔汙皂玫瑰;0;1;300,0;60,0;1637;0.00%;0;11102022001,0;g;1;box;106,0;0,0;0,0;weight;月;4,672828834461906;0,0;0,0049911716045434;0,4180933053753314;0,0;0,0;0
水晶肥皂絲絮1280g;日用生活;159;南僑水晶;規格：1280g克x1x1box盒;水晶肥皂絲絮 水晶肥皂絲絮;0;1;1280,0;33,3;1639;0.00%;1;11102043001,0;g;1;box;159,0;0,0;0,0;weight;月;5,075173815233827;0,0;0,0027639134122096;0,4602025326644262;0,0;0,0;0
妙管家超能植萃潔衣皂220gx3;日用生活;65;妙管家;規格：660g克x1x1set組;妙管家超能植萃潔衣皂220g*3 超能植萃潔衣皂;75;1;660,0;36,0;1641;13.33%;1;11102050001,0;g;1;set;65,0;75,0;13,333333333333334;weight;月;4,189654742026425;4,330733340286331;0,0029891417687377;0,3675245431168023;0,4647066370122513;0,2018592297476759;0
白帥帥超效能抗菌洗衣精;日用生活;118;白帥帥;規格：3150g克x1x1bottle瓶;白帥帥抗菌洗衣精;129;1;3150,0;33,3;1643;8.53%;0;11103001001,0;g;1;bottle;118,0;129,0;8,527131782945736;weight;月;4,77912349311153;4,867534450455582;0,0027639134122096;0,4292180519351278;0,5223077449656454;0,1290960190246764;0
白蘭香氛洗衣球 清恬藍風鈴x麝香230G;日用生活;198;白蘭;規格：230g克x1x1bag包;家福藍色清新香氛洗衣精 家福藍色清新香;0;1;230,0;24,0;1644;0.00%;1;11103002001,0;g;1;bag;198,0;0,0;0,0;weight;月;5,293304824724492;0,0;0,0019881268508348;0,4830320165561342;0,0;0,0;0
白帥帥超淨亮抗菌洗衣精-3150g;日用生活;118;白帥帥;規格：3150g克x1x1bottle瓶;白帥帥超淨亮抗菌洗衣精;129;1;3150,0;33,3;1646;8.53%;0;11103004001,0;g;1;bottle;118,0;129,0;8,527131782945736;weight;月;4,77912349311153;4,867534450455582;0,0027639134122096;0,4292180519351278;0,5223077449656454;0,1290960190246764;0
白蘭含熊寶貝洗衣精補充包-純淨溫和-1.6kg;日用生活;85;白蘭;規格：1.6kg公斤x1x1bag包;白蘭含熊寶貝純淨溫和洗衣精補充包;0;1;1600,0;36,0;1647;0.00%;0;11103005001,0;g;1;bag;85,0;0,0;0,0;weight;月;4,454347296253507;0,0;0,0029891417687377;0,3952271353208731;0,0;0,0;0
一匙靈Attack抗菌EX洗衣精補充-1.5Kg;日用生活;79;一匙靈;規格：1.5kg公斤x1x1pack包;一匙靈Attack抗菌EX濃縮洗衣精;0;1;1500,0;33,3;1648;0.00%;0;11103007001,0;g;1;pack;79,0;0,0;0,0;weight;月;4,382026634673881;0,0;0,0027639134122096;0,3876580905416603;0,0;0,0;0
藍寶衣留香洗衣精3000g;日用生活;135;LION 獅王;規格：3000g克x1x1bottle瓶;藍寶衣留香洗衣精;0;1;3000,0;36,0;1649;0.00%;1;11103008001,0;g;1;bottle;135,0;0,0;0,0;weight;月;4,912654885736052;0,0;0,0029891417687377;0,4431933816421556;0,0;0,0;0
茶樹莊園-茶樹天然濃縮消臭洗衣精補充包;日用生活;139;茶樹莊園;規格：800g克x1x1pc包;茶樹莊園-天然濃縮消臭洗衣精補充包800;0;1;800,0;36,0;1655;0.00%;1;11103013001,0;g;1;pc;139,0;0,0;0,0;weight;月;4,941642422609304;0,0;0,0029891417687377;0,4462272029573983;0,0;0,0;0
白鴿防霉洗衣精補充包;日用生活;99;白鴿;規格：2000g克x1x1pack包;白鴿防霉洗衣精補充包;109;1;2000,0;33,3;1657;9.17%;0;11103015001,0;g;1;pack;99,0;109,0;9,174311926605505;weight;月;4,605170185988092;4,700480365792417;0,0027639134122096;0,411012184588909;0,5043821107177868;0,1388939654227128;0
毛寶PM2.5洗衣精補充包-除霉防蹣;日用生活;85;毛寶;規格：2000g克x1x1pack包;毛寶PM2.5洗衣精補充包;0;1;2000,0;33,3;1660;0.00%;0;11103018001,0;g;1;pack;85,0;0,0;0,0;weight;月;4,454347296253507;0,0;0,0027639134122096;0,3952271353208731;0,0;0,0;0
全效光鮮柔軟洗衣精溫柔花香;日用生活;135;毛寶;規格：3500g克x1x1bottle瓶;全效光鮮柔軟洗衣精溫柔花香;0;1;3500,0;36,0;1661;0.00%;0;11103019001,0;g;1;bottle;135,0;0,0;0,0;weight;月;4,912654885736052;0,0;0,0029891417687377;0,4431933816421556;0,0;0,0;0
妙管家有酵洗衣精補充包-抗菌2000g;日用生活;98;妙管家;規格：2000g克x1x1pack包;妙管家有酵洗衣精補充包-抗菌;0;1;2000,0;33,3;1664;0.00%;0;11103022001,0;g;1;pack;98,0;0,0;0,0;weight;月;4,59511985013459;0,0;0,0027639134122096;0,4099603213943566;0,0;0,0;0
妙管家中性有酵洗衣精-中性4000g;日用生活;119;妙管家;規格：4000g克x1x1bottle瓶;妙管家濃縮有酵洗衣精-中性);0;1;4000,0;33,3;1665;0.00%;1;11103023001,0;g;1;bottle;119,0;0,0;0,0;weight;月;4,787491742782046;0,0;0,0027639134122096;0,4300938688192147;0,0;0,0;0
日本獅王奈米樂超濃縮抗菌洗衣補包室內晾衣;日用生活;269;LION 獅王;規格：1160g克x1x1bag包;獅王奈米樂洗衣精補充包;398;1;1160,0;36,0;1667;32.41%;1;11103025001,0;g;1;bag;269,0;398,0;32,41206030150754;weight;月;5,598421958998375;5,988961416889864;0,0029891417687377;0,5149654253743233;0,6426417653909414;0,4907005145248153;0
白鴿防螨抗菌洗衣精補充包-天然尤加利-2000g;日用生活;97;白鴿;規格：2000g克x1x1bag袋;白鴿天然濃縮防蹣洗衣精;109;1;2000,0;33,3;1674;11.01%;1;11103035001,0;g;1;bag;97,0;109,0;11,009174311926609;weight;月;4,584967478670572;4,700480365792417;0,0027639134122096;0,408897779203122;0,5043821107177868;0,1666727585072553;0
南僑水晶肥皂洗衣用液體-葡萄柚籽抗菌NE;日用生活;185;南僑水晶;規格：1400g克x1x1pc包;水晶肥皂抗菌洗衣用液體;189;1;1400,0;60,0;1676;2.12%;1;11103039001,0;g;1;pc;185,0;189,0;2,1164021164021163;weight;月;5,225746673713202;5,247024072160486;0,0049911716045434;0,4759614137845836;0,5630286418731141;0,0320411475789961;0
皂福無香精洗衣皂精補充包-2000g;日用生活;89;皂福;規格：2000g克x1x1pack包;皂福無香精洗衣皂精;118;1;2000,0;33,3;1677;24.58%;0;11103040001,0;g;1;pack;89,0;118,0;24,57627118644068;weight;月;4,499809670330265;4,77912349311153;0,0027639134122096;0,3999852049740031;0,5128208623907714;0,3720710378823688;0
白帥帥超效能抗菌洗衣精補充包-1650g;日用生活;59;白帥帥;規格：1650g克x1x1pack包;白帥帥抗菌洗衣精補充;66;1;1650,0;33,3;1684;10.61%;1;11103046001,0;g;1;pack;59,0;66,0;10,606060606060606;weight;月;4,0943445622221;4,204692619390966;0,0027639134122096;0,3575494266964488;0,4511819161551568;0,1605698418447422;0
白帥帥超淨亮抗菌洗衣精補充包-1650g;日用生活;59;白帥帥;規格：1650g克x1x1bag袋;白帥帥超淨亮抗菌洗衣精補充包;66;1;1650,0;33,3;1685;10.61%;0;11103047001,0;g;1;bag;59,0;66,0;10,606060606060606;weight;月;4,0943445622221;4,204692619390966;0,0027639134122096;0,3575494266964488;0,4511819161551568;0,1605698418447422;0
一匙靈Attack極速淨EX洗衣精補充包1.5kg;日用生活;79;一匙靈;規格：1.5kg公斤x1x1pack包;一匙靈極速淨EX洗衣精補充包;0;1;1500,0;33,3;1689;0.00%;1;11103051001,0;g;1;pack;79,0;0,0;0,0;weight;月;4,382026634673881;0,0;0,0027639134122096;0,3876580905416603;0,0;0,0;0
[箱購]一匙靈幽谷鈴蘭洗衣精補充包1.5Kg公斤x 6Pack包/箱;日用生活;354;一匙靈;規格：1.5kg公斤x1x6pack包;一匙靈幽谷鈴蘭洗衣精瓶裝;474;1;1500,0;33,3;1690;25.32%;1;11103052001,0;g;6;pack;59,0;79,0;25,31645569620253;weight;月;4,0943445622221;4,382026634673881;0,0027639134122096;0,3575494266964488;0,4702106319394804;0,3832770185082454;0
南僑水晶肥皂液體補充包-清爽型1400g;日用生活;165;南僑水晶;規格：1400g克x1x1pc包;水晶肥皂液体補充包 (洗衣用);180;1;1400,0;60,0;1694;8.33%;1;11103054001,0;g;1;pc;165,0;180,0;8,333333333333332;weight;月;5,111987788356544;5,198497031265826;0,0049911716045434;0,4640554649382797;0,5578214780497182;0,1261620185922974;0
一匙靈歡馨香氛洗衣精補充包- 幽谷鈴蘭-1.5kg;日用生活;69;一匙靈;規格：1.5kg公斤x1x1pack包;一匙靈幽谷鈴蘭洗衣精補充包;0;1;1500,0;33,3;1698;0.00%;1;11103058001,0;g;1;pack;69,0;0,0;0,0;weight;月;4,248495242049359;0,0;0,0027639134122096;0,3736827608346326;0,0;0,0;0
毛寶低泡沫小蘇打洗衣液體皂;日用生活;149;毛寶;規格：2000g克x1x1bottle瓶;毛寶低泡沫小蘇打洗衣液體皂;0;1;2000,0;33,3;1703;0.00%;1;11103065001,0;g;1;bottle;149,0;0,0;0,0;weight;月;5,010635294096256;0,0;0,0027639134122096;0,4534479628664632;0,0;0,0;0
白蘭含熊寶貝馨香精華洗衣精-大自然馨香2.5kg;日用生活;149;白蘭;規格：2.5kg公斤x1x1bottle瓶;白蘭含熊寶貝大自然馨香洗衣精瓶裝;195;1;2500,0;36,0;1705;23.59%;0;11103067001,0;g;1;bottle;149,0;195,0;23,589743589743588;weight;月;5,010635294096256;5,278114659230517;0,0029891417687377;0,4534479628664632;0,5663647979060079;0,3571355603228112;0
一匙靈歡馨香氛洗衣精補充包-蝶舞紫羅蘭-1.5kg;日用生活;69;一匙靈;規格：1.5kg公斤x1x1bag袋;一匙靈歡馨蝶舞紫羅蘭香洗衣精;0;1;1500,0;33,3;1706;0.00%;1;11103068001,0;g;1;bag;69,0;0,0;0,0;weight;月;4,248495242049359;0,0;0,0027639134122096;0,3736827608346326;0,0;0,0;0
白鴿防螨抗菌洗衣精補充包-天然尤加利-2000g;日用生活;97;白鴿;規格：2000g克x1x1bag袋;白鴿抗菌洗衣精補充包;109;1;2000,0;33,3;1707;11.01%;1;11103069001,0;g;1;bag;97,0;109,0;11,009174311926609;weight;月;4,584967478670572;4,700480365792417;0,0027639134122096;0,408897779203122;0,5043821107177868;0,1666727585072553;0
白鴿防螨抗菌洗衣精補充包-天然尤加利-2000g;日用生活;97;白鴿;規格：2000g克x1x1bag袋;白鴿防蹣洗衣精補充包;109;1;2000,0;33,3;1708;11.01%;0;11103070001,0;g;1;bag;97,0;109,0;11,009174311926609;weight;月;4,584967478670572;4,700480365792417;0,0027639134122096;0,408897779203122;0,5043821107177868;0,1666727585072553;0
毛寶小蘇打洗衣液體皂(補充包);日用生活;129;毛寶;規格：1800g克x1x1pack包;毛寶小蘇打洗衣液體皂(補充包);0;1;1800,0;33,3;1711;0.00%;1;11103074001,0;g;1;pack;129,0;0,0;0,0;weight;月;4,867534450455582;0,0;0,0027639134122096;0,4384710991348332;0,0;0,0;0
白帥帥超效能抗菌洗衣精補充包-1650g;日用生活;59;白帥帥;規格：1650g克x1x1pack包;白帥帥超效能抗菌洗衣精補充包;66;1;1650,0;33,3;1712;10.61%;1;11103076001,0;g;1;pack;59,0;66,0;10,606060606060606;weight;月;4,0943445622221;4,204692619390966;0,0027639134122096;0,3575494266964488;0,4511819161551568;0,1605698418447422;0
白帥帥小蘇打抗菌洗衣精補充包-1650g;日用生活;59;白帥帥;規格：1650g克x1x1pack包;白帥帥小蘇打抗菌洗衣精補充包 白帥小蘇打補充;69;1;1650,0;60,0;1721;14.49%;0;11103085001,0;g;1;pack;59,0;69,0;14,492753623188406;weight;月;4,0943445622221;4,248495242049359;0,0049911716045434;0,3575494266964488;0,4558821292295903;0,2194122062474738;0
毛寶天然植萃PM2.5洗衣精-補充包;日用生活;99;毛寶;規格：2000g克x1x1pack包;毛寶天然植萃PM2.5洗衣精-補充包;0;1;2000,0;33,3;1722;0.00%;0;11103086002,0;g;1;pack;99,0;0,0;0,0;weight;月;4,605170185988092;0,0;0,0027639134122096;0,411012184588909;0,0;0,0;0
妙管家濃縮有酵洗衣精-抗菌4000g;日用生活;119;妙管家;規格：4000g克x1x1bottle瓶;妙管家濃縮有酵洗衣精-抗菌;0;1;4000,0;33,3;1723;0.00%;0;11103088001,0;g;1;bottle;119,0;0,0;0,0;weight;月;4,787491742782046;0,0;0,0027639134122096;0,4300938688192147;0,0;0,0;0
妙管家有酵洗衣精補充包-中性2000g;日用生活;98;妙管家;規格：2000g克x1x1pack包;妙管家有酵洗衣精補充包-中性;0;1;2000,0;33,3;1726;0.00%;1;11103090001,0;g;1;pack;98,0;0,0;0,0;weight;月;4,59511985013459;0,0;0,0027639134122096;0,4099603213943566;0,0;0,0;0
清淨海環保洗衣精補充包;日用生活;89;清淨海;規格：1500g克x1x1pack包;清淨海環保洗衣精補充包;109;1;1500,0;33,3;1728;18.35%;0;11103092001,0;g;1;pack;89,0;109,0;18,34862385321101;weight;月;4,499809670330265;4,700480365792417;0,0027639134122096;0,3999852049740031;0,5043821107177868;0,2777879308454256;0
清淨海環保洗衣精1800g;日用生活;190;清淨海;規格：1800g克x1x1bottle瓶;清淨海環保洗衣精;0;1;1800,0;33,3;1729;0.00%;0;11103094001,0;g;1;bottle;190,0;0,0;0,0;weight;月;5,25227342804663;0,0;0,0027639134122096;0,4787376908126335;0,0;0,0;0
全效強淨洗衣精 (補充包)1800g;日用生活;59;毛寶;規格：1800g克x1x1pack包;全效強淨洗衣精 (補充包);88;1;1800,0;33,3;1731;32.95%;1;11103096001,0;g;1;pack;59,0;88,0;32,95454545454545;weight;月;4,0943445622221;4,48863636973214;0,0027639134122096;0,3575494266964488;0,48165032299384;0,498913437160449;0
全效抗菌柔軟洗衣精-3500g;日用生活;99;毛寶;規格：3500g克x1x1bottle瓶;全效抗菌柔軟洗衣精;119;1;3500,0;33,3;1732;16.81%;0;11103097001,0;g;1;bottle;99,0;119,0;16,80672268907563;weight;月;4,605170185988092;4,787491742782046;0,0027639134122096;0,411012184588909;0,5137188121966135;0,2544444072449697;0
一匙靈制菌超濃縮洗衣精補充包-1.9Kg;日用生活;69;一匙靈;規格：1.9kg公斤x1x1pack包;全效抗菌洗衣精 (補充包);0;1;1900,0;36,0;1733;0.00%;0;11103098001,0;g;1;pack;69,0;0,0;0,0;weight;月;4,248495242049359;0,0;0,0029891417687377;0,3736827608346326;0,0;0,0;0
白鴿天然棉花籽護纖抗菌洗衣精補充包2000g;日用生活;99;白鴿;規格：2000g克x1x1pack包;白鴿天然棉花籽護纖抗菌洗衣精;109;1;2000,0;33,3;1735;9.17%;1;11103100001,0;g;1;pack;99,0;109,0;9,174311926605505;weight;月;4,605170185988092;4,700480365792417;0,0027639134122096;0,411012184588909;0,5043821107177868;0,1388939654227128;0
OMO 極淨速溶高效洗衣精瞬淨除臭 瓶裝;日用生活;198;OMO;規格：1.2kg公斤x1x1bottle瓶;橘子工坊濃縮洗衣精深層淨味;0;1;1200,0;36,0;1738;0.00%;1;11103105001,0;g;1;bottle;198,0;0,0;0,0;weight;月;5,293304824724492;0,0;0,0029891417687377;0,4830320165561342;0,0;0,0;0
白蘭強效除蹣過敏洗衣精補充包;日用生活;72;白蘭;規格：1.6kg公斤x1x1pack包;白蘭強效除蹣過敏洗衣精補充包;85;1;1600,0;33,3;1739;15.29%;0;11103106001,0;g;1;pack;72,0;85,0;15,294117647058824;weight;月;4,290459441148391;4,454347296253507;0,0027639134122096;0,3780747132195628;0,4779709553739745;0,2315444105929224;0
白蘭超濃縮洗衣精-強效潔淨除蹣-2.7kg;日用生活;139;白蘭;規格：2.7kg公斤x1x1bottle瓶;白蘭強效除蹣過敏洗衣精2.7KG;159;1;2700,0;33,3;1744;12.58%;1;11103112001,0;g;1;bottle;139,0;159,0;12,57861635220126;weight;月;4,941642422609304;5,075173815233827;0,0027639134122096;0,4462272029573983;0,544588357355204;0,190433235611015;0
白蘭超濃縮洗衣精-蘆薈親膚-2.7Kg;日用生活;139;白蘭;規格：2.7kg公斤x1x1bottle瓶;白蘭洗衣精蘆薈親膚2.7KG 白蘭洗衣精蘆薈;159;1;2700,0;33,3;1745;12.58%;1;11103113001,0;g;1;bottle;139,0;159,0;12,57861635220126;weight;月;4,941642422609304;5,075173815233827;0,0027639134122096;0,4462272029573983;0,544588357355204;0,190433235611015;0
白蘭濃縮洗衣精-陽光馨香-2.7kg;日用生活;139;白蘭;規格：2.7kg公斤x1x1bottle瓶;白蘭濃縮洗衣精陽光馨香2.7kg;159;1;2700,0;33,3;1747;12.58%;1;11103115001,0;g;1;bottle;139,0;159,0;12,57861635220126;weight;月;4,941642422609304;5,075173815233827;0,0027639134122096;0,4462272029573983;0,544588357355204;0,190433235611015;0
白蘭洗衣精補充包-茶樹除菌;日用生活;72;白蘭;規格：1.6kg公斤x1x1pack包;白蘭茶樹除菌洗衣補充包1.6kg;84;1;1600,0;36,0;1750;14.29%;1;11103118001,0;g;1;pack;72,0;84,0;14,285714285714285;weight;月;4,290459441148391;4,442651256490317;0,0029891417687377;0,3780747132195628;0,4767159191300772;0,2162777461582242;0
皂福天然酵素洗衣肥皂精1000g;日用生活;75;皂福;規格：1000g克x1x1bottle瓶;皂福天然酵素(揉/洗)洗衣肥皂精;119;1;1000,0;36,0;1751;36.97%;0;11103121001,0;g;1;bottle;75,0;119,0;36,97478991596639;weight;月;4,330733340286331;4,787491742782046;0,0029891417687377;0,3822897596440613;0,5137188121966135;0,5597776959389333;0
一匙靈淨柔超濃縮洗衣精補充包-1.8kg;日用生活;69;一匙靈;規格：1.8kg公斤x1x1pack包;一匙靈淨柔超濃縮洗衣精1.8kg補充包;0;1;1800,0;36,0;1755;0.00%;0;11103128001,0;g;1;pack;69,0;0,0;0,0;weight;月;4,248495242049359;0,0;0,0029891417687377;0,3736827608346326;0,0;0,0;0
毛寶小蘇打液體皂補充包-抗菌;日用生活;129;毛寶;規格：1800g克x1x1pack包;毛寶小蘇打液體皂補充包-抗菌;0;1;1800,0;36,0;1760;0.00%;1;11103132001,0;g;1;pack;129,0;0,0;0,0;weight;月;4,867534450455582;0,0;0,0029891417687377;0,4384710991348332;0,0;0,0;0
一匙靈制菌超濃縮洗衣精補充包-1.9Kg;日用生活;69;一匙靈;規格：1.9kg公斤x1x1pack包;一匙靈制菌超濃縮洗衣精;0;1;1900,0;36,0;1762;0.00%;0;11103134001,0;g;1;pack;69,0;0,0;0,0;weight;月;4,248495242049359;0,0;0,0029891417687377;0,3736827608346326;0,0;0,0;0
一匙靈亮彩超濃縮洗衣精補充包-1.8Kg;日用生活;69;一匙靈;規格：1.8kg公斤x1x1pack包;一匙靈亮彩超濃縮洗衣精;0;1;1800,0;33,3;1763;0.00%;0;11103135001,0;g;1;pack;69,0;0,0;0,0;weight;月;4,248495242049359;0,0;0,0027639134122096;0,3736827608346326;0,0;0,0;0
皂福無香精天然酵素肥皂精補充包-1500g;日用生活;99;皂福;規格：1500g克x1x1bag袋;皂福洗衣皂精 皂福洗衣皂精;0;1;1500,0;33,3;1777;0.00%;0;11103155001,0;g;1;bag;99,0;0,0;0,0;weight;月;4,605170185988092;0,0;0,0027639134122096;0,411012184588909;0,0;0,0;0
皂福無香精天然酵素肥皂精補充包-1500g;日用生活;99;皂福;規格：1500g克x1x1bag袋;皂福無香精洗衣皂精補充包;0;1;1500,0;33,3;1778;0.00%;0;11103156001,0;g;1;bag;99,0;0,0;0,0;weight;月;4,605170185988092;0,0;0,0027639134122096;0,411012184588909;0,0;0,0;0
皂福冷壓橘油皂精補充包-1500g;日用生活;99;皂福;規格：1500g克x1x1bag袋;皂福洗衣皂精補充包;0;1;1500,0;33,3;1779;0.00%;1;11103157001,0;g;1;bag;99,0;0,0;0,0;weight;月;4,605170185988092;0,0;0,0027639134122096;0,411012184588909;0,0;0,0;0
全植媽媽洗衣液體皂天然防森林香;日用生活;159;全植媽媽;規格：1800g克x1x1bottle瓶;全植媽媽洗衣液體皂;188;1;1800,0;60,0;1787;15.43%;1;11103188001,0;g;1;bottle;159,0;188,0;15,425531914893616;weight;月;5,075173815233827;5,241747015059643;0,0049911716045434;0,4602025326644262;0,5624623905558505;0,2335339493091463;0
全植媽媽洗衣液體皂-橙花-1800g;日用生活;159;全植媽媽;規格：1800g克x1x1bottle瓶;全植媽媽洗衣液體皂 全植洗衣皂檀香;188;1;1800,0;60,0;1788;15.43%;1;11103188002,0;g;1;bottle;159,0;188,0;15,425531914893616;weight;月;5,075173815233827;5,241747015059643;0,0049911716045434;0,4602025326644262;0,5624623905558505;0,2335339493091463;0
[淳安] 台塑生醫 防蹣抗菌洗衣粉補充包 (1.5kg) (12包) 免運費;日用生活;1699;台塑生醫;規格：1.5kgx12包x1件;台塑-防蹣抗菌濃縮洗衣精 台塑-防蹣抗菌;1999;1;1500,0;60,0;1790;15.01%;1;11103191001,0;g;12;;141,58333333333334;166,58333333333334;15,007503751875936;weight;月;4,9599266241041935;5,121480739984651;0,0049911716045434;0,4481408184698144;0,5495572930020042;0,2272052360841775;0
白蘭4X抗病毒洗衣精抗菌抗補1.5KG;日用生活;129;白蘭;規格：1.5kg公斤x1x1bag包;白蘭4X酵素極淨洗衣球除菌除補充包 白蘭除補;0;1;1500,0;36,0;1800;0.00%;0;11103206001,0;g;1;bag;129,0;0,0;0,0;weight;月;4,867534450455582;0,0;0,0029891417687377;0,4384710991348332;0,0;0,0;0
白蘭4X極淨酵素抗病毒洗衣球室內晾曬補充包;日用生活;229;白蘭;規格：10.5g克x30x1bag包;白蘭4X酵素極淨洗衣球除菌淨味補充包 除菌淨味;0;1;10,5;24,0;1801;0.00%;0;11103211001,0;g;30;bag;7,633333333333334;0,0;0,0;weight;月;2,1556306800373823;0,0;0,0019881268508348;0,1546445877773374;0,0;0,0;0
一匙靈 ATTACK 抗菌EX防螨成分PLUS洗衣精(補充包)1.5kg;日用生活;79;一匙靈;規格：1.5kg公斤x1x1pc包;一匙靈抗菌EX防成分PLUS洗衣精瓶裝;0;1;1500,0;36,0;1804;0.00%;0;11103220001,0;g;1;pc;79,0;0,0;0,0;weight;月;4,382026634673881;0,0;0,0029891417687377;0,3876580905416603;0,0;0,0;0
白蘭含熊寶貝馨香精華洗衣精補充包-小蒼蘭1.6kg;日用生活;85;白蘭;規格：1600g克x1x1bag包;白蘭含熊寶貝花漾清新洗衣精瓶裝;0;1;1600,0;36,0;1805;0.00%;0;11103224001,0;g;1;bag;85,0;0,0;0,0;weight;月;4,454347296253507;0,0;0,0029891417687377;0,3952271353208731;0,0;0,0;0
艾克博士酵素潔淨洗衣精;日用生活;89;艾克博士;規格：1800g克x1x1pack包;艾克博士酵素潔淨洗衣精;0;1;1800,0;36,0;1807;0.00%;1;11103232001,0;g;1;pack;89,0;0,0;0,0;weight;月;4,499809670330265;0,0;0,0029891417687377;0,3999852049740031;0,0;0,0;0
茶樹莊園茶樹洗衣精組(正加補);日用生活;239;茶樹莊園;規格：3500g克x1x1box箱;茶樹莊園茶樹洗衣精組(正加補);269;1;3500,0;36,0;1808;11.15%;1;11103233001,0;g;1;box;239,0;269,0;11,152416356877325;weight;月;5,480638923341991;5,598421958998375;0,0029891417687377;0,5026383109419805;0,6007351727108798;0,1688413631718479;0
白蘭4X抗病毒洗衣精抗菌抗瓶裝 1.85KG;日用生活;219;白蘭;規格：1.85kg公斤x1x1bottle瓶;白蘭4X酵素極淨洗衣精瓶裝;279;1;1850,0;36,0;1814;21.51%;0;11103244001,0;g;1;bottle;219,0;279,0;21,50537634408602;weight;月;5,393627546352362;5,634789603169249;0,0029891417687377;0,4935317431320283;0,6046375800610373;0,3255794028188321;0
艾克博士酵素濃縮洗衣膏;日用生活;278;艾克博士;規格：2.5kg公斤x1x1bucket桶;艾克博士酵素濃縮洗衣膏 艾克酵素洗衣膏;0;1;2500,0;36,0;1825;0.00%;1;11103256001,0;g;1;bucket;278,0;0,0;0,0;weight;月;5,631211781821365;0,0;0,0029891417687377;0,5183971920621379;0,0;0,0;0
南僑水晶肥皂液體皂-尤加利茶樹防霉1400g;日用生活;185;南僑水晶;規格：1400g克x1x1pc包;南僑水晶液体補充包1400g 防霉尤加利茶樹;189;1;1400,0;60,0;1840;2.12%;1;11103283001,0;g;1;pc;185,0;189,0;2,1164021164021163;weight;月;5,225746673713202;5,247024072160486;0,0049911716045434;0,4759614137845836;0,5630286418731141;0,0320411475789961;0
日本獅王香氛濃縮洗衣精抗菌白玫瑰850g;日用生活;139;LION 獅王;規格：850g克x1x1bottle瓶;日本獅王香氛柔軟濃縮洗衣精 柔軟濃縮洗衣精;255;1;850,0;36,0;1844;45.49%;1;11103286001,0;g;1;bottle;139,0;255,0;45,490196078431374;weight;月;4,941642422609304;5,545177444479562;0,0029891417687377;0,4462272029573983;0,5950218033257882;0,688696195609718;0
白蘭含熊寶貝洗衣精補充包-大自然馨香-1.6kg;日用生活;85;白蘭;規格：1.6kg公斤x1x1bag包;白蘭含熊寶貝大自然馨香洗衣精補充包;0;1;1600,0;36,0;1847;0.00%;0;11103289001,0;g;1;bag;85,0;0,0;0,0;weight;月;4,454347296253507;0,0;0,0029891417687377;0,3952271353208731;0,0;0,0;0
一匙靈Attack抗菌EX3倍濃縮科技潔淨洗衣精補充包-500g;日用生活;105;一匙靈;規格：500g克x1x1bag包;一匙靈抗菌EX 3倍濃縮洗衣瓶;0;1;500,0;36,0;1861;0.00%;0;11103313001,0;g;1;bag;105,0;0,0;0,0;weight;月;4,663439094112067;0,0;0,0029891417687377;0,4171105797804492;0,0;0,0;0
毛寶PM2.5洗衣精補充包-制臭;日用生活;85;毛寶;規格：2000g克x1x1pack包;毛寶PM2.5洗衣精 毛寶PM2.5制臭;0;1;2000,0;33,3;1865;0.00%;0;11103321002,0;g;1;pack;85,0;0,0;0,0;weight;月;4,454347296253507;0,0;0,0027639134122096;0,3952271353208731;0,0;0,0;0
毛寶天然植萃PM2.5洗衣精;日用生活;129;毛寶;規格：2200g克x1x1bottle瓶;毛寶天然植萃PM2.5洗衣精;0;1;2200,0;36,0;1866;0.00%;0;11103322001,0;g;1;bottle;129,0;0,0;0,0;weight;月;4,867534450455582;0,0;0,0029891417687377;0,4384710991348332;0,0;0,0;0
白帥帥小蘇打抗菌洗衣精-3150g;日用生活;129;白帥帥;規格：3150g克x1x1bottle瓶;白帥帥小蘇打抗菌洗衣精 白帥小蘇打洗衣;0;1;3150,0;60,0;1867;0.00%;0;11103323001,0;g;1;bottle;129,0;0,0;0,0;weight;月;4,867534450455582;0,0;0,0049911716045434;0,4384710991348332;0,0;0,0;0
白蘭含熊寶貝洗衣精補充包-花漾清新1.6kg;日用生活;85;白蘭;規格：1.6kg公斤x1x1bag包;白蘭含熊寶貝花漾清新洗衣精補充包;0;1;1600,0;36,0;1876;0.00%;1;11103346001,0;g;1;bag;85,0;0,0;0,0;weight;月;4,454347296253507;0,0;0,0029891417687377;0,3952271353208731;0,0;0,0;0
茶樹莊園-茶樹天然濃縮抗菌洗衣精補充包;日用生活;99;茶樹莊園;規格：1500g克x1x1box箱;茶樹莊園-茶樹天然濃縮抗菌洗衣精補充包;159;1;1500,0;36,0;1882;37.74%;1;11103354001,0;g;1;box;99,0;159,0;37,735849056603776;weight;月;4,605170185988092;5,075173815233827;0,0029891417687377;0,411012184588909;0,544588357355204;0,5712997068330452;0
白鴿迷人小蒼蘭香氛抗菌洗衣精補充包-2000g;日用生活;97;白鴿;規格：2000g克x1x1pack包;白鴿迷人小蒼蘭香氛抗菌洗衣精補充包;109;1;2000,0;60,0;1897;11.01%;0;11103375001,0;g;1;pack;97,0;109,0;11,009174311926609;weight;月;4,584967478670572;4,700480365792417;0,0049911716045434;0,408897779203122;0,5043821107177868;0,1666727585072553;0
白蘭4X抗病毒洗衣精室內晾曬補1.5KG;日用生活;129;白蘭;規格：1.5kg公斤x1x1bag包;白蘭4X酵素極淨洗衣球除菌淨味;0;1;1500,0;36,0;1898;0.00%;0;11103377001,0;g;1;bag;129,0;0,0;0,0;weight;月;4,867534450455582;0,0;0,0029891417687377;0,4384710991348332;0,0;0,0;0
南僑水晶肥皂洗衣用液體補充包-薰衣馬鞭草1400g;日用生活;165;南僑水晶;規格：1400g克x1x1pc包;水晶肥皂液体 薰衣馬鞭草;169;1;1400,0;60,0;1906;2.37%;0;11103884003,0;g;1;pc;165,0;169,0;2,366863905325444;weight;月;5,111987788356544;5,135798437050262;0,0049911716045434;0,4640554649382797;0,5510936445458008;0,0358329993634927;0
毛寶除璊抗菌冷洗精補充包-2000g;日用生活;174;毛寶;規格：2000g克x1x1pack包;毛寶除璊抗菌冷洗精補充包;0;1;2000,0;33,3;1907;0.00%;0;11104001001,0;g;1;pack;174,0;0,0;0,0;weight;月;5,1647859739235145;0,0;0,0027639134122096;0,4695812970046469;0,0;0,0;0
白鴿貼心衣物手洗精補充包-800g;日用生活;89;白鴿;規格：800g克x1x1pack包;白鴿貼心衣物手洗精補充包;95;1;800,0;33,3;1909;6.32%;1;11104003001,0;g;1;pack;89,0;95,0;6,315789473684211;weight;月;4,499809670330265;4,564348191467836;0,0027639134122096;0,3999852049740031;0,4897745327514743;0,095617529880478;0
白鴿貼心衣物手洗精-1000g;日用生活;99;白鴿;規格：1000g克x1x1bottle瓶;白鴿貼心衣物手洗精;129;1;1000,0;33,3;1911;23.26%;1;11104005001,0;g;1;bottle;99,0;129,0;23,25581395348837;weight;月;4,605170185988092;4,867534450455582;0,0027639134122096;0,411012184588909;0,5223077449656454;0,3520800518854813;0
毛寶除蹣抗菌冷洗精手洗專用瓶1000 g克;日用生活;99;毛寶;規格：1000g克x1x1bottle瓶;毛寶除蹣抗菌冷洗精手洗專用瓶;115;1;1000,0;33,3;1912;13.91%;1;11104006001,0;g;1;bottle;99,0;115,0;13,91304347826087;weight;月;4,605170185988092;4,7535901911063645;0,0027639134122096;0,411012184588909;0,510081027361849;0,2106357179975749;0
[箱購]毛寶貼身衣物手洗精1000g果漾西西里 x 12Bottle瓶/箱;日用生活;948;毛寶;規格：1000g克x1x12bottle瓶;毛寶貼身衣物手洗精1000g果漾西西里 毛寶手洗精;1668;1;1000,0;36,0;1913;43.17%;0;11104007001,0;g;12;bottle;79,0;139,0;43,16546762589928;weight;月;4,382026634673881;4,941642422609304;0,0029891417687377;0,3876580905416603;0,5302598546453138;0,6535011034996704;0
妙管家衣領精組裝包(淡雅花果香)噴槍660g+重裝660g;日用生活;89;妙管家;規格：660g克x2x1set組;妙管家衣物柔軟精補充包淡雅;0;1;660,0;33,3;1921;0.00%;0;11110007001,0;g;2;set;44,5;0,0;0,0;weight;月;3,817712325956905;0,0;0,0027639134122096;0,3285972332577911;0,0;0,0;0
毛寶柔軟精補充包 -溫暖花香;日用生活;69;毛寶;規格：1900g克x1x1pack包;毛寶柔軟精補充包 -溫暖花香;0;1;1900,0;36,0;1926;0.00%;1;11110013001,0;g;1;pack;69,0;0,0;0,0;weight;月;4,248495242049359;0,0;0,0029891417687377;0,3736827608346326;0,0;0,0;0
白鴿防螨衣物柔軟精補充包-富士櫻-1800g;日用生活;65;白鴿;規格：1800g克x1x1pack包;白鴿衣物柔軟精-富士櫻;69;1;1800,0;33,3;1929;5.80%;1;11110016001,0;g;1;pack;65,0;69,0;5,797101449275362;weight;月;4,189654742026425;4,248495242049359;0,0027639134122096;0,3675245431168023;0,4558821292295903;0,0877648824989895;0
白鴿衣物柔軟精薰衣草補充包;日用生活;65;白鴿;規格：1800g克x1x1pack包;白鴿衣物柔軟精薰衣草補充包;69;1;1800,0;33,3;1936;5.80%;1;11110028001,0;g;1;pack;65,0;69,0;5,797101449275362;weight;月;4,189654742026425;4,248495242049359;0,0027639134122096;0,3675245431168023;0,4558821292295903;0,0877648824989895;0
白鴿防螨衣物柔軟補充包-幸福花香-1800g;日用生活;65;白鴿;規格：1800g克x1x1pack包;白鴿衣物柔軟精花香補充包;69;1;1800,0;33,3;1937;5.80%;0;11110029001,0;g;1;pack;65,0;69,0;5,797101449275362;weight;月;4,189654742026425;4,248495242049359;0,0027639134122096;0,3675245431168023;0,4558821292295903;0,0877648824989895;0
毛寶柔軟精補充包-防霉日光浴1900ml;日用生活;69;毛寶;規格：1900g克x1x1pack包;毛寶柔軟精補充包防霉日光浴;0;1;1900,0;33,3;1940;0.00%;1;11110032001,0;g;1;pack;69,0;0,0;0,0;weight;月;4,248495242049359;0,0;0,0027639134122096;0,3736827608346326;0,0;0,0;0
白鴿防螨衣物柔軟精補充包-高雅玫瑰香-1800g;日用生活;59;白鴿;規格：1800g克x1x1pack包;白鴿衣物柔軟精-玫瑰;69;1;1800,0;33,3;1951;14.49%;1;11110065001,0;g;1;pack;59,0;69,0;14,492753623188406;weight;月;4,0943445622221;4,248495242049359;0,0027639134122096;0,3575494266964488;0,4558821292295903;0,2194122062474738;0
妙管家衣物殺菌液;日用生活;132;妙管家;規格：1000g克x1x1bottle瓶;妙管家衣物殺菌液;0;1;1000,0;36,0;1991;0.00%;1;11111004001,0;g;1;bottle;132,0;0,0;0,0;weight;月;4,890349128221754;0,0;0,0029891417687377;0,4408588720597993;0,0;0,0;0
妙管家超強漂白水4000;日用生活;85;妙管家;規格：4000g克x1x1pc瓶;妙管家超強漂白水;109;1;4000,0;24,0;1995;22.02%;1;11111008001,0;g;1;pc;85,0;109,0;22,01834862385321;weight;月;4,454347296253507;4,700480365792417;0,0019881268508348;0,3952271353208731;0,5043821107177868;0,3333455170145107;0
家樂福超值漂白水1000克;日用生活;26;家樂福;規格：1000g克x1x1bottle瓶;超值漂白水1000克;0;1;1000,0;12,0;2000;0.00%;0;11111013001,0;g;1;bottle;26,0;0,0;0,0;weight;月;3,295836866004329;0,0;0,000987111932932;0,2739780049587772;0,0;0,0;0
家樂福超值漂白水;日用生活;86;家樂福;規格：5000g克x1x1bottle瓶;超值漂白水5000克;0;1;5000,0;12,0;2004;0.00%;0;11111017001,0;g;1;bottle;86,0;0,0;0,0;weight;月;4,465908118654584;0,0;0,000987111932932;0,3964370852926655;0,0;0,0;0
家樂福超值增豔雙氧漂白水;日用生活;72;家樂福;規格：3000g克x1x1bottle瓶;家福超值增豔雙氧漂白水;0;1;3000,0;24,0;2005;0.00%;1;11111019001,0;g;1;bottle;72,0;0,0;0,0;weight;月;4,290459441148391;0,0;0,0019881268508348;0,3780747132195628;0,0;0,0;0
【安心價】白鴿殺菌漂白素1000g;日用生活;109;白鴿;規格：1000g克x1x1bottle瓶;白鴿殺菌漂白素;119;1;1000,0;33,3;2009;8.40%;1;11111023001,0;g;1;bottle;109,0;119,0;8,403361344537815;weight;月;4,700480365792417;4,787491742782046;0,0027639134122096;0,4209873010092624;0,5137188121966135;0,1272222036224848;0
毛寶衣領精補充包-600g;日用生活;64;毛寶;規格：600g克x1x1pack包;毛寶衣領精補充包;0;1;600,0;33,3;2016;0.00%;1;11112001001,0;g;1;pack;64,0;0,0;0,0;weight;月;4,174387269895637;0,0;0,0027639134122096;0,3659266570120674;0,0;0,0;0
毛寶衣領精;日用生活;125;毛寶;規格：2000g克x1x1bottle瓶;毛寶衣領精;139;1;2000,0;33,3;2019;10.07%;0;11112004001,0;g;1;bottle;125,0;139,0;10,071942446043163;weight;月;4,836281906951478;4,941642422609304;0,0027639134122096;0,4352002233424926;0,5302598546453138;0,1524835908165897;0
效達衣領去漬凝膠;日用生活;87;效達;規格：240g克x1x1bottle瓶;效達衣領去漬凝膠;0;1;240,0;33,3;2022;0.00%;0;11112007001,0;g;1;bottle;87,0;0,0;0,0;weight;月;4,477336814478207;0,0;0,0027639134122096;0,3976332069620139;0,0;0,0;0
加倍潔茶樹小蘇打制菌領袖凝膠-280g;日用生活;81;加倍潔;規格：280g克x1x1bottle瓶;加倍潔茶樹小蘇打制菌領袖凝膠;0;1;280,0;33,3;2030;0.00%;1;11112023001,0;g;1;bottle;81,0;0,0;0,0;weight;月;4,406719247264253;0,0;0,0027639134122096;0,3902424071993073;0,0;0,0;0
[Vanish 漬無蹤] 新一代碧蓮超強萬用去漬霸1000g(配方升級/彩漂/去污殺菌護色/不含漂白水螢光增白劑)3入組;日用生活;849;Vanish 漬無蹤;規格：1000gx3入;碧蓮超強殺菌去漬霸;1017;1;1000,0;24,0;2031;16.52%;0;11112025001,0;g;3;;283,0;339,0;16,519174041297934;weight;月;5,648974238161206;5,828945617610208;0,0019881268508348;0,5202562019839019;0,6254713699615243;0,2500910811033153;0
